9	1	5
9	1.02	5
9	1.04	5
9	1.06	5
9	1.08	5
9	1.1	5
9	1.12	5
9	1.14	5
9	1.16	5
9	1.18	5
9	1.2	5
9	1.22	5
9	1.24	5
9	1.26	5
9	1.28	5
9	1.3	5
9	1.32	5
9	1.34	5
9	1.36	5
9	1.38	5
9	1.4	5
9	1.42	5
9	1.44	5
9	1.46	5
9	1.48	5
9	1.5	5
9	1.52	5
9	1.54	5
9	1.56	5
9	1.58	5
9	1.6	5
9	1.62	5
9	1.64	5
9	1.66	5
9	1.68	5
9	1.7	5
9	1.72	5
9	1.74	5
9	1.76	5
9	1.78	9
9	1.8	9
9	1.82	6
9	1.84	10
9	1.86	8
9	1.88	8
9	1.9	11
9	1.92	12
9	1.94	43
9	1.96	56
9	1.98	132
9	2	104
9.05	1	0
9.05	1.02	0
9.05	1.04	0
9.05	1.06	0
9.05	1.08	0
9.05	1.1	0
9.05	1.12	0
9.05	1.14	0
9.05	1.16	0
9.05	1.18	0
9.05	1.2	0
9.05	1.22	0
9.05	1.24	0
9.05	1.26	0
9.05	1.28	0
9.05	1.3	0
9.05	1.32	0
9.05	1.34	0
9.05	1.36	0
9.05	1.38	0
9.05	1.4	0
9.05	1.42	0
9.05	1.44	0
9.05	1.46	0
9.05	1.48	0
9.05	1.5	0
9.05	1.52	0
9.05	1.54	0
9.05	1.56	0
9.05	1.58	0
9.05	1.6	0
9.05	1.62	2
9.05	1.64	2
9.05	1.66	2
9.05	1.68	2
9.05	1.7	6
9.05	1.72	6
9.05	1.74	6
9.05	1.76	10
9.05	1.78	6
9.05	1.8	4
9.05	1.82	7
9.05	1.84	8
9.05	1.86	13
9.05	1.88	13
9.05	1.9	18
9.05	1.92	48
9.05	1.94	17
9.05	1.96	83
9.05	1.98	28
9.05	2	111
9.1	1	13
9.1	1.02	13
9.1	1.04	13
9.1	1.06	13
9.1	1.08	13
9.1	1.1	13
9.1	1.12	13
9.1	1.14	13
9.1	1.16	13
9.1	1.18	13
9.1	1.2	13
9.1	1.22	13
9.1	1.24	0
9.1	1.26	0
9.1	1.28	0
9.1	1.3	0
9.1	1.32	0
9.1	1.34	0
9.1	1.36	0
9.1	1.38	0
9.1	1.4	0
9.1	1.42	0
9.1	1.44	0
9.1	1.46	0
9.1	1.48	0
9.1	1.5	2
9.1	1.52	2
9.1	1.54	2
9.1	1.56	6
9.1	1.58	6
9.1	1.6	6
9.1	1.62	4
9.1	1.64	8
9.1	1.66	8
9.1	1.68	8
9.1	1.7	4
9.1	1.72	9
9.1	1.74	9
9.1	1.76	5
9.1	1.78	5
9.1	1.8	20
9.1	1.82	23
9.1	1.84	18
9.1	1.86	13
9.1	1.88	17
9.1	1.9	36
9.1	1.92	34
9.1	1.94	70
9.1	1.96	34
9.1	1.98	89
9.1	2	61
9.15	1	5
9.15	1.02	5
9.15	1.04	5
9.15	1.06	5
9.15	1.08	5
9.15	1.1	5
9.15	1.12	5
9.15	1.14	9
9.15	1.16	9
9.15	1.18	9
9.15	1.2	9
9.15	1.22	9
9.15	1.24	22
9.15	1.26	22
9.15	1.28	22
9.15	1.3	26
9.15	1.32	26
9.15	1.34	28
9.15	1.36	28
9.15	1.38	28
9.15	1.4	28
9.15	1.42	28
9.15	1.44	28
9.15	1.46	28
9.15	1.48	28
9.15	1.5	26
9.15	1.52	26
9.15	1.54	26
9.15	1.56	22
9.15	1.58	22
9.15	1.6	22
9.15	1.62	22
9.15	1.64	18
9.15	1.66	18
9.15	1.68	18
9.15	1.7	18
9.15	1.72	13
9.15	1.74	13
9.15	1.76	13
9.15	1.78	16
9.15	1.8	3
9.15	1.82	4
9.15	1.84	4
9.15	1.86	6
9.15	1.88	58
9.15	1.9	31
9.15	1.92	59
9.15	1.94	48
9.15	1.96	86
9.15	1.98	34
9.15	2	117
9.2	1	8
9.2	1.02	8
9.2	1.04	8
9.2	1.06	8
9.2	1.08	12
9.2	1.1	12
9.2	1.12	12
9.2	1.14	8
9.2	1.16	4
9.2	1.18	6
9.2	1.2	6
9.2	1.22	6
9.2	1.24	6
9.2	1.26	6
9.2	1.28	6
9.2	1.3	2
9.2	1.32	2
9.2	1.34	0
9.2	1.36	0
9.2	1.38	0
9.2	1.4	0
9.2	1.42	0
9.2	1.44	0
9.2	1.46	0
9.2	1.48	0
9.2	1.5	0
9.2	1.52	0
9.2	1.54	0
9.2	1.56	0
9.2	1.58	0
9.2	1.6	0
9.2	1.62	0
9.2	1.64	0
9.2	1.66	0
9.2	1.68	0
9.2	1.7	0
9.2	1.72	3
9.2	1.74	3
9.2	1.76	7
9.2	1.78	4
9.2	1.8	33
9.2	1.82	29
9.2	1.84	56
9.2	1.86	86
9.2	1.88	30
9.2	1.9	89
9.2	1.92	57
9.2	1.94	59
9.2	1.96	88
9.2	1.98	117
9.2	2	54
9.25	1	24
9.25	1.02	24
9.25	1.04	24
9.25	1.06	26
9.25	1.08	22
9.25	1.1	22
9.25	1.12	22
9.25	1.14	22
9.25	1.16	26
9.25	1.18	24
9.25	1.2	24
9.25	1.22	4
9.25	1.24	4
9.25	1.26	4
9.25	1.28	4
9.25	1.3	4
9.25	1.32	4
9.25	1.34	0
9.25	1.36	0
9.25	1.38	0
9.25	1.4	0
9.25	1.42	0
9.25	1.44	0
9.25	1.46	0
9.25	1.48	0
9.25	1.5	0
9.25	1.52	0
9.25	1.54	0
9.25	1.56	0
9.25	1.58	0
9.25	1.6	0
9.25	1.62	0
9.25	1.64	3
9.25	1.66	3
9.25	1.68	7
9.25	1.7	7
9.25	1.72	33
9.25	1.74	33
9.25	1.76	29
9.25	1.78	59
9.25	1.8	30
9.25	1.82	87
9.25	1.84	60
9.25	1.86	59
9.25	1.88	89
9.25	1.9	84
9.25	1.92	79
9.25	1.94	132
9.25	1.96	81
9.25	1.98	56
9.25	2	118
9.3	1	32
9.3	1.02	32
9.3	1.04	32
9.3	1.06	30
9.3	1.08	30
9.3	1.1	30
9.3	1.12	30
9.3	1.14	30
9.3	1.16	30
9.3	1.18	30
9.3	1.2	30
9.3	1.22	50
9.3	1.24	50
9.3	1.26	50
9.3	1.28	50
9.3	1.3	50
9.3	1.32	50
9.3	1.34	24
9.3	1.36	24
9.3	1.38	24
9.3	1.4	24
9.3	1.42	24
9.3	1.44	24
9.3	1.46	24
9.3	1.48	4
9.3	1.5	4
9.3	1.52	4
9.3	1.54	4
9.3	1.56	3
9.3	1.58	7
9.3	1.6	36
9.3	1.62	36
9.3	1.64	63
9.3	1.66	63
9.3	1.68	89
9.3	1.7	89
9.3	1.72	60
9.3	1.74	90
9.3	1.76	90
9.3	1.78	87
9.3	1.8	107
9.3	1.82	79
9.3	1.84	79
9.3	1.86	83
9.3	1.88	78
9.3	1.9	80
9.3	1.92	114
9.3	1.94	63
9.3	1.96	60
9.3	1.98	61
9.3	2	61
9.35	1	55
9.35	1.02	55
9.35	1.04	55
9.35	1.06	55
9.35	1.08	55
9.35	1.1	55
9.35	1.12	30
9.35	1.14	30
9.35	1.16	30
9.35	1.18	30
9.35	1.2	30
9.35	1.22	30
9.35	1.24	30
9.35	1.26	34
9.35	1.28	60
9.35	1.3	60
9.35	1.32	60
9.35	1.34	90
9.35	1.36	90
9.35	1.38	90
9.35	1.4	90
9.35	1.42	119
9.35	1.44	119
9.35	1.46	126
9.35	1.48	146
9.35	1.5	146
9.35	1.52	146
9.35	1.54	146
9.35	1.56	147
9.35	1.58	143
9.35	1.6	114
9.35	1.62	114
9.35	1.64	84
9.35	1.66	84
9.35	1.68	54
9.35	1.7	54
9.35	1.72	54
9.35	1.74	51
9.35	1.76	80
9.35	1.78	53
9.35	1.8	62
9.35	1.82	33
9.35	1.84	87
9.35	1.86	54
9.35	1.88	86
9.35	1.9	30
9.35	1.92	59
9.35	1.94	116
9.35	1.96	60
9.35	1.98	144
9.35	2	108
9.4	1	61
9.4	1.02	61
9.4	1.04	61
9.4	1.06	61
9.4	1.08	61
9.4	1.1	61
9.4	1.12	55
9.4	1.14	55
9.4	1.16	84
9.4	1.18	84
9.4	1.2	84
9.4	1.22	84
9.4	1.24	84
9.4	1.26	80
9.4	1.28	54
9.4	1.3	58
9.4	1.32	33
9.4	1.34	36
9.4	1.36	36
9.4	1.38	36
9.4	1.4	36
9.4	1.42	7
9.4	1.44	7
9.4	1.46	0
9.4	1.48	0
9.4	1.5	0
9.4	1.52	0
9.4	1.54	0
9.4	1.56	0
9.4	1.58	0
9.4	1.6	0
9.4	1.62	0
9.4	1.64	0
9.4	1.66	0
9.4	1.68	27
9.4	1.7	27
9.4	1.72	56
9.4	1.74	58
9.4	1.76	29
9.4	1.78	58
9.4	1.8	59
9.4	1.82	84
9.4	1.84	60
9.4	1.86	87
9.4	1.88	90
9.4	1.9	114
9.4	1.92	117
9.4	1.94	92
9.4	1.96	119
9.4	1.98	115
9.4	2	121
9.45	1	0
9.45	1.02	29
9.45	1.04	29
9.45	1.06	29
9.45	1.08	29
9.45	1.1	29
9.45	1.12	60
9.45	1.14	60
9.45	1.16	35
9.45	1.18	35
9.45	1.2	35
9.45	1.22	38
9.45	1.24	38
9.45	1.26	38
9.45	1.28	38
9.45	1.3	34
9.45	1.32	59
9.45	1.34	56
9.45	1.36	56
9.45	1.38	56
9.45	1.4	56
9.45	1.42	25
9.45	1.44	25
9.45	1.46	25
9.45	1.48	25
9.45	1.5	25
9.45	1.52	25
9.45	1.54	6
9.45	1.56	0
9.45	1.58	0
9.45	1.6	0
9.45	1.62	27
9.45	1.64	27
9.45	1.66	56
9.45	1.68	58
9.45	1.7	87
9.45	1.72	88
9.45	1.74	89
9.45	1.76	120
9.45	1.78	147
9.45	1.8	117
9.45	1.82	150
9.45	1.84	141
9.45	1.86	147
9.45	1.88	140
9.45	1.9	154
9.45	1.92	86
9.45	1.94	82
9.45	1.96	139
9.45	1.98	56
9.45	2	60
9.5	1	92
9.5	1.02	63
9.5	1.04	67
9.5	1.06	67
9.5	1.08	67
9.5	1.1	67
9.5	1.12	35
9.5	1.14	38
9.5	1.16	34
9.5	1.18	34
9.5	1.2	34
9.5	1.22	62
9.5	1.24	62
9.5	1.26	62
9.5	1.28	62
9.5	1.3	62
9.5	1.32	62
9.5	1.34	62
9.5	1.36	62
9.5	1.38	62
9.5	1.4	62
9.5	1.42	93
9.5	1.44	93
9.5	1.46	93
9.5	1.48	93
9.5	1.5	93
9.5	1.52	93
9.5	1.54	112
9.5	1.56	175
9.5	1.58	234
9.5	1.6	292
9.5	1.62	265
9.5	1.64	265
9.5	1.66	236
9.5	1.68	207
9.5	1.7	178
9.5	1.72	148
9.5	1.74	118
9.5	1.76	112
9.5	1.78	83
9.5	1.8	83
9.5	1.82	54
9.5	1.84	62
9.5	1.86	83
9.5	1.88	56
9.5	1.9	48
9.5	1.92	87
9.5	1.94	115
9.5	1.96	91
9.5	1.98	115
9.5	2	128
9.55	1	35
9.55	1.02	35
9.55	1.04	31
9.55	1.06	34
9.55	1.08	34
9.55	1.1	34
9.55	1.12	66
9.55	1.14	63
9.55	1.16	93
9.55	1.18	93
9.55	1.2	93
9.55	1.22	62
9.55	1.24	62
9.55	1.26	62
9.55	1.28	62
9.55	1.3	62
9.55	1.32	62
9.55	1.34	30
9.55	1.36	30
9.55	1.38	60
9.55	1.4	60
9.55	1.42	60
9.55	1.44	60
9.55	1.46	89
9.55	1.48	89
9.55	1.5	174
9.55	1.52	174
9.55	1.54	174
9.55	1.56	117
9.55	1.58	58
9.55	1.6	0
9.55	1.62	0
9.55	1.64	0
9.55	1.66	0
9.55	1.68	0
9.55	1.7	0
9.55	1.72	25
9.55	1.74	52
9.55	1.76	56
9.55	1.78	29
9.55	1.8	58
9.55	1.82	59
9.55	1.84	84
9.55	1.86	86
9.55	1.88	118
9.55	1.9	119
9.55	1.92	147
9.55	1.94	122
9.55	1.96	150
9.55	1.98	181
9.55	2	191
9.6	1	64
9.6	1.02	64
9.6	1.04	64
9.6	1.06	61
9.6	1.08	61
9.6	1.1	61
9.6	1.12	61
9.6	1.14	61
9.6	1.16	61
9.6	1.18	61
9.6	1.2	61
9.6	1.22	61
9.6	1.24	61
9.6	1.26	61
9.6	1.28	61
9.6	1.3	61
9.6	1.32	90
9.6	1.34	122
9.6	1.36	122
9.6	1.38	121
9.6	1.4	121
9.6	1.42	150
9.6	1.44	146
9.6	1.46	117
9.6	1.48	117
9.6	1.5	32
9.6	1.52	32
9.6	1.54	32
9.6	1.56	32
9.6	1.58	32
9.6	1.6	32
9.6	1.62	32
9.6	1.64	32
9.6	1.66	0
9.6	1.68	25
9.6	1.7	52
9.6	1.72	56
9.6	1.74	58
9.6	1.76	121
9.6	1.78	182
9.6	1.8	270
9.6	1.82	240
9.6	1.84	212
9.6	1.86	183
9.6	1.88	154
9.6	1.9	152
9.6	1.92	122
9.6	1.94	118
9.6	1.96	111
9.6	1.98	114
9.6	2	90
9.65	1	63
9.65	1.02	93
9.65	1.04	93
9.65	1.06	93
9.65	1.08	93
9.65	1.1	93
9.65	1.12	93
9.65	1.14	93
9.65	1.16	63
9.65	1.18	60
9.65	1.2	60
9.65	1.22	60
9.65	1.24	60
9.65	1.26	65
9.65	1.28	89
9.65	1.3	89
9.65	1.32	81
9.65	1.34	89
9.65	1.36	116
9.65	1.38	87
9.65	1.4	87
9.65	1.42	58
9.65	1.44	62
9.65	1.46	62
9.65	1.48	62
9.65	1.5	62
9.65	1.52	62
9.65	1.54	93
9.65	1.56	93
9.65	1.58	93
9.65	1.6	93
9.65	1.62	93
9.65	1.64	149
9.65	1.66	267
9.65	1.68	331
9.65	1.7	304
9.65	1.72	275
9.65	1.74	246
9.65	1.76	154
9.65	1.78	117
9.65	1.8	26
9.65	1.82	53
9.65	1.84	56
9.65	1.86	58
9.65	1.88	59
9.65	1.9	85
9.65	1.92	86
9.65	1.94	88
9.65	1.96	90
9.65	1.98	98
9.65	2	150
9.7	1	93
9.7	1.02	63
9.7	1.04	63
9.7	1.06	92
9.7	1.08	92
9.7	1.1	92
9.7	1.12	92
9.7	1.14	92
9.7	1.16	60
9.7	1.18	92
9.7	1.2	92
9.7	1.22	92
9.7	1.24	121
9.7	1.26	116
9.7	1.28	92
9.7	1.3	150
9.7	1.32	129
9.7	1.34	121
9.7	1.36	94
9.7	1.38	94
9.7	1.4	94
9.7	1.42	94
9.7	1.44	62
9.7	1.46	62
9.7	1.48	92
9.7	1.5	92
9.7	1.52	92
9.7	1.54	61
9.7	1.56	91
9.7	1.58	121
9.7	1.6	231
9.7	1.62	231
9.7	1.64	175
9.7	1.66	89
9.7	1.68	0
9.7	1.7	0
9.7	1.72	0
9.7	1.74	0
9.7	1.76	24
9.7	1.78	26
9.7	1.8	56
9.7	1.82	58
9.7	1.84	59
9.7	1.86	90
9.7	1.88	146
9.7	1.9	179
9.7	1.92	215
9.7	1.94	209
9.7	1.96	180
9.7	1.98	166
9.7	2	144
9.75	1	29
9.75	1.02	29
9.75	1.04	60
9.75	1.06	31
9.75	1.08	59
9.75	1.1	60
9.75	1.12	60
9.75	1.14	60
9.75	1.16	117
9.75	1.18	92
9.75	1.2	92
9.75	1.22	115
9.75	1.24	90
9.75	1.26	120
9.75	1.28	120
9.75	1.3	62
9.75	1.32	62
9.75	1.34	62
9.75	1.36	62
9.75	1.38	62
9.75	1.4	62
9.75	1.42	92
9.75	1.44	124
9.75	1.46	124
9.75	1.48	124
9.75	1.5	124
9.75	1.52	153
9.75	1.54	234
9.75	1.56	204
9.75	1.58	174
9.75	1.6	64
9.75	1.62	64
9.75	1.64	64
9.75	1.66	64
9.75	1.68	64
9.75	1.7	64
9.75	1.72	88
9.75	1.74	114
9.75	1.76	177
9.75	1.78	241
9.75	1.8	306
9.75	1.82	277
9.75	1.84	266
9.75	1.86	230
9.75	1.88	180
9.75	1.9	121
9.75	1.92	81
9.75	1.94	84
9.75	1.96	86
9.75	1.98	118
9.75	2	112
9.8	1	94
9.8	1.02	123
9.8	1.04	92
9.8	1.06	92
9.8	1.08	64
9.8	1.1	122
9.8	1.12	122
9.8	1.14	122
9.8	1.16	124
9.8	1.18	120
9.8	1.2	120
9.8	1.22	97
9.8	1.24	93
9.8	1.26	93
9.8	1.28	93
9.8	1.3	93
9.8	1.32	61
9.8	1.34	61
9.8	1.36	91
9.8	1.38	91
9.8	1.4	91
9.8	1.42	90
9.8	1.44	90
9.8	1.46	150
9.8	1.48	147
9.8	1.5	172
9.8	1.52	143
9.8	1.54	62
9.8	1.56	62
9.8	1.58	62
9.8	1.6	62
9.8	1.62	62
9.8	1.64	93
9.8	1.66	93
9.8	1.68	131
9.8	1.7	173
9.8	1.72	324
9.8	1.74	298
9.8	1.76	211
9.8	1.78	121
9.8	1.8	0
9.8	1.82	25
9.8	1.84	32
9.8	1.86	36
9.8	1.88	43
9.8	1.9	82
9.8	1.92	115
9.8	1.94	147
9.8	1.96	203
9.8	1.98	241
9.8	2	211
9.85	1	122
9.85	1.02	93
9.85	1.04	122
9.85	1.06	122
9.85	1.08	122
9.85	1.1	63
9.85	1.12	90
9.85	1.14	120
9.85	1.16	93
9.85	1.18	93
9.85	1.2	93
9.85	1.22	93
9.85	1.24	93
9.85	1.26	93
9.85	1.28	93
9.85	1.3	93
9.85	1.32	156
9.85	1.34	160
9.85	1.36	123
9.85	1.38	152
9.85	1.4	152
9.85	1.42	150
9.85	1.44	175
9.85	1.46	115
9.85	1.48	88
9.85	1.5	63
9.85	1.52	93
9.85	1.54	93
9.85	1.56	93
9.85	1.58	93
9.85	1.6	123
9.85	1.62	123
9.85	1.64	122
9.85	1.66	255
9.85	1.68	217
9.85	1.7	175
9.85	1.72	0
9.85	1.74	9
9.85	1.76	32
9.85	1.78	32
9.85	1.8	57
9.85	1.82	85
9.85	1.84	121
9.85	1.86	206
9.85	1.88	340
9.85	1.9	303
9.85	1.92	244
9.85	1.94	204
9.85	1.96	143
9.85	1.98	84
9.85	2	87
9.9	1	61
9.9	1.02	61
9.9	1.04	93
9.9	1.06	151
9.9	1.08	151
9.9	1.1	151
9.9	1.12	124
9.9	1.14	94
9.9	1.16	124
9.9	1.18	124
9.9	1.2	124
9.9	1.22	92
9.9	1.24	121
9.9	1.26	91
9.9	1.28	107
9.9	1.3	121
9.9	1.32	119
9.9	1.34	115
9.9	1.36	149
9.9	1.38	120
9.9	1.4	145
9.9	1.42	118
9.9	1.44	93
9.9	1.46	123
9.9	1.48	123
9.9	1.5	123
9.9	1.52	104
9.9	1.54	123
9.9	1.56	123
9.9	1.58	153
9.9	1.6	152
9.9	1.62	258
9.9	1.64	228
9.9	1.66	95
9.9	1.68	95
9.9	1.7	95
9.9	1.72	126
9.9	1.74	117
9.9	1.76	94
9.9	1.78	176
9.9	1.8	272
9.9	1.82	335
9.9	1.84	273
9.9	1.86	160
9.9	1.88	31
9.9	1.9	26
9.9	1.92	50
9.9	1.94	61
9.9	1.96	94
9.9	1.98	139
9.9	2	237
9.95	1	92
9.95	1.02	119
9.95	1.04	58
9.95	1.06	32
9.95	1.08	62
9.95	1.1	62
9.95	1.12	92
9.95	1.14	62
9.95	1.16	88
9.95	1.18	90
9.95	1.2	90
9.95	1.22	122
9.95	1.24	122
9.95	1.26	122
9.95	1.28	106
9.95	1.3	149
9.95	1.32	120
9.95	1.34	145
9.95	1.36	118
9.95	1.38	118
9.95	1.4	93
9.95	1.42	123
9.95	1.44	123
9.95	1.46	93
9.95	1.48	123
9.95	1.5	123
9.95	1.52	109
9.95	1.54	90
9.95	1.56	146
9.95	1.58	197
9.95	1.6	168
9.95	1.62	62
9.95	1.64	62
9.95	1.66	62
9.95	1.68	93
9.95	1.7	93
9.95	1.72	92
9.95	1.74	147
9.95	1.76	319
9.95	1.78	237
9.95	1.8	116
9.95	1.82	0
9.95	1.84	0
9.95	1.86	80
9.95	1.88	69
9.95	1.9	123
9.95	1.92	214
9.95	1.94	364
9.95	1.96	305
9.95	1.98	247
9.95	2	126
10	1	152
10	1.02	155
10	1.04	155
10	1.06	123
10	1.08	93
10	1.1	122
10	1.12	92
10	1.14	122
10	1.16	64
10	1.18	91
10	1.2	91
10	1.22	122
10	1.24	120
10	1.26	120
10	1.28	120
10	1.3	118
10	1.32	118
10	1.34	93
10	1.36	93
10	1.38	123
10	1.4	123
10	1.42	93
10	1.44	122
10	1.46	122
10	1.48	152
10	1.5	152
10	1.52	182
10	1.54	232
10	1.56	176
10	1.58	95
10	1.6	125
10	1.62	125
10	1.64	125
10	1.66	155
10	1.68	154
10	1.7	184
10	1.72	291
10	1.74	236
10	1.76	96
10	1.78	96
10	1.8	96
10	1.82	127
10	1.84	206
10	1.86	239
10	1.88	383
10	1.9	322
10	1.92	208
10	1.94	25
10	1.96	76
10	1.98	81
10	2	132
10.05	1	62
10.05	1.02	32
10.05	1.04	92
10.05	1.06	122
10.05	1.08	122
10.05	1.1	93
10.05	1.12	122
10.05	1.14	122
10.05	1.16	124
10.05	1.18	138
10.05	1.2	152
10.05	1.22	121
10.05	1.24	119
10.05	1.26	150
10.05	1.28	150
10.05	1.3	125
10.05	1.32	125
10.05	1.34	125
10.05	1.36	154
10.05	1.38	124
10.05	1.4	124
10.05	1.42	153
10.05	1.44	124
10.05	1.46	181
10.05	1.48	115
10.05	1.5	139
10.05	1.52	112
10.05	1.54	92
10.05	1.56	123
10.05	1.58	123
10.05	1.6	123
10.05	1.62	123
10.05	1.64	153
10.05	1.66	181
10.05	1.68	230
10.05	1.7	230
10.05	1.72	94
10.05	1.74	94
10.05	1.76	93
10.05	1.78	93
10.05	1.8	140
10.05	1.82	227
10.05	1.84	294
10.05	1.86	181
10.05	1.88	0
10.05	1.9	59
10.05	1.92	57
10.05	1.94	133
10.05	1.96	202
10.05	1.98	395
10.05	2	336
10.1	1	154
10.1	1.02	154
10.1	1.04	125
10.1	1.06	99
10.1	1.08	124
10.1	1.1	185
10.1	1.12	124
10.1	1.14	151
10.1	1.16	151
10.1	1.18	108
10.1	1.2	149
10.1	1.22	149
10.1	1.24	124
10.1	1.26	93
10.1	1.28	110
10.1	1.3	122
10.1	1.32	122
10.1	1.34	122
10.1	1.36	122
10.1	1.38	122
10.1	1.4	149
10.1	1.42	168
10.1	1.44	207
10.1	1.46	174
10.1	1.48	180
10.1	1.5	186
10.1	1.52	186
10.1	1.54	156
10.1	1.56	155
10.1	1.58	155
10.1	1.6	154
10.1	1.62	214
10.1	1.64	261
10.1	1.66	205
10.1	1.68	126
10.1	1.7	127
10.1	1.72	126
10.1	1.74	156
10.1	1.76	155
10.1	1.78	238
10.1	1.8	328
10.1	1.82	242
10.1	1.84	96
10.1	1.86	127
10.1	1.88	161
10.1	1.9	179
10.1	1.92	302
10.1	1.94	372
10.1	1.96	250
10.1	1.98	26
10.1	2	72
10.15	1	94
10.15	1.02	123
10.15	1.04	122
10.15	1.06	118
10.15	1.08	93
10.15	1.1	59
10.15	1.12	122
10.15	1.14	125
10.15	1.16	180
10.15	1.18	180
10.15	1.2	125
10.15	1.22	154
10.15	1.24	154
10.15	1.26	154
10.15	1.28	137
10.15	1.3	154
10.15	1.32	154
10.15	1.34	161
10.15	1.36	152
10.15	1.38	152
10.15	1.4	212
10.15	1.42	188
10.15	1.44	149
10.15	1.46	125
10.15	1.48	123
10.15	1.5	93
10.15	1.52	122
10.15	1.54	122
10.15	1.56	152
10.15	1.58	180
10.15	1.6	177
10.15	1.62	142
10.15	1.64	95
10.15	1.66	93
10.15	1.68	154
10.15	1.7	123
10.15	1.72	153
10.15	1.74	182
10.15	1.76	283
10.15	1.78	231
10.15	1.8	94
10.15	1.82	93
10.15	1.84	93
10.15	1.86	128
10.15	1.88	272
10.15	1.9	299
10.15	1.92	182
10.15	1.94	56
10.15	1.96	115
10.15	1.98	174
10.15	2	300
10.2	1	154
10.2	1.02	125
10.2	1.04	95
10.2	1.06	182
10.2	1.08	182
10.2	1.1	186
10.2	1.12	180
10.2	1.14	150
10.2	1.16	92
10.2	1.18	153
10.2	1.2	153
10.2	1.22	124
10.2	1.24	153
10.2	1.26	153
10.2	1.28	153
10.2	1.3	151
10.2	1.32	151
10.2	1.34	170
10.2	1.36	150
10.2	1.38	174
10.2	1.4	148
10.2	1.42	124
10.2	1.44	124
10.2	1.46	153
10.2	1.48	155
10.2	1.5	184
10.2	1.52	185
10.2	1.54	213
10.2	1.56	210
10.2	1.58	207
10.2	1.6	211
10.2	1.62	186
10.2	1.64	186
10.2	1.66	186
10.2	1.68	155
10.2	1.7	215
10.2	1.72	258
10.2	1.74	257
10.2	1.76	157
10.2	1.78	126
10.2	1.8	157
10.2	1.82	156
10.2	1.84	281
10.2	1.86	396
10.2	1.88	218
10.2	1.9	126
10.2	1.92	157
10.2	1.94	196
10.2	1.96	273
10.2	1.98	377
10.2	2	207
10.25	1	61
10.25	1.02	150
10.25	1.04	181
10.25	1.06	94
10.25	1.08	119
10.25	1.1	147
10.25	1.12	122
10.25	1.14	122
10.25	1.16	125
10.25	1.18	124
10.25	1.2	124
10.25	1.22	154
10.25	1.24	183
10.25	1.26	183
10.25	1.28	183
10.25	1.3	157
10.25	1.32	182
10.25	1.34	180
10.25	1.36	180
10.25	1.38	207
10.25	1.4	154
10.25	1.42	154
10.25	1.44	183
10.25	1.46	154
10.25	1.48	183
10.25	1.5	214
10.25	1.52	178
10.25	1.54	175
10.25	1.56	148
10.25	1.58	123
10.25	1.6	123
10.25	1.62	123
10.25	1.64	153
10.25	1.66	182
10.25	1.68	180
10.25	1.7	221
10.25	1.72	183
10.25	1.74	155
10.25	1.76	124
10.25	1.78	154
10.25	1.8	181
10.25	1.82	322
10.25	1.84	243
10.25	1.86	93
10.25	1.88	95
10.25	1.9	170
10.25	1.92	201
10.25	1.94	370
10.25	1.96	263
10.25	1.98	119
10.25	2	176
10.3	1	183
10.3	1.02	140
10.3	1.04	178
10.3	1.06	178
10.3	1.08	153
10.3	1.1	94
10.3	1.12	154
10.3	1.14	215
10.3	1.16	215
10.3	1.18	155
10.3	1.2	182
10.3	1.22	152
10.3	1.24	138
10.3	1.26	180
10.3	1.28	180
10.3	1.3	173
10.3	1.32	177
10.3	1.34	153
10.3	1.36	153
10.3	1.38	161
10.3	1.4	153
10.3	1.42	153
10.3	1.44	152
10.3	1.46	152
10.3	1.48	210
10.3	1.5	175
10.3	1.52	181
10.3	1.54	186
10.3	1.56	156
10.3	1.58	185
10.3	1.6	186
10.3	1.62	246
10.3	1.64	214
10.3	1.66	260
10.3	1.68	261
10.3	1.7	190
10.3	1.72	155
10.3	1.74	186
10.3	1.76	216
10.3	1.78	244
10.3	1.8	343
10.3	1.82	172
10.3	1.84	168
10.3	1.86	189
10.3	1.88	228
10.3	1.9	312
10.3	1.92	348
10.3	1.94	126
10.3	1.96	148
10.3	1.98	161
10.3	2	300
10.35	1	146
10.35	1.02	163
10.35	1.04	94
10.35	1.06	124
10.35	1.08	184
10.35	1.1	184
10.35	1.12	124
10.35	1.14	90
10.35	1.16	150
10.35	1.18	150
10.35	1.2	129
10.35	1.22	180
10.35	1.24	136
10.35	1.26	147
10.35	1.28	177
10.35	1.3	184
10.35	1.32	184
10.35	1.34	184
10.35	1.36	184
10.35	1.38	183
10.35	1.4	183
10.35	1.42	209
10.35	1.44	181
10.35	1.46	267
10.35	1.48	180
10.35	1.5	155
10.35	1.52	184
10.35	1.54	184
10.35	1.56	244
10.35	1.58	215
10.35	1.6	212
10.35	1.62	177
10.35	1.64	174
10.35	1.66	122
10.35	1.68	154
10.35	1.7	154
10.35	1.72	184
10.35	1.74	203
10.35	1.76	234
10.35	1.78	253
10.35	1.8	126
10.35	1.82	160
10.35	1.84	206
10.35	1.86	214
10.35	1.88	408
10.35	1.9	223
10.35	1.92	126
10.35	1.94	179
10.35	1.96	232
10.35	1.98	463
10.35	2	241
10.4	1	156
10.4	1.02	123
10.4	1.04	183
10.4	1.06	153
10.4	1.08	123
10.4	1.1	180
10.4	1.12	212
10.4	1.14	185
10.4	1.16	182
10.4	1.18	187
10.4	1.2	235
10.4	1.22	208
10.4	1.24	208
10.4	1.26	184
10.4	1.28	185
10.4	1.3	184
10.4	1.32	202
10.4	1.34	214
10.4	1.36	184
10.4	1.38	182
10.4	1.4	182
10.4	1.42	181
10.4	1.44	205
10.4	1.46	154
10.4	1.48	154
10.4	1.5	183
10.4	1.52	181
10.4	1.54	213
10.4	1.56	153
10.4	1.58	179
10.4	1.6	206
10.4	1.62	208
10.4	1.64	271
10.4	1.66	248
10.4	1.68	216
10.4	1.7	246
10.4	1.72	244
10.4	1.74	212
10.4	1.76	262
10.4	1.78	215
10.4	1.8	215
10.4	1.82	271
10.4	1.84	243
10.4	1.86	365
10.4	1.88	132
10.4	1.9	189
10.4	1.92	216
10.4	1.94	289
10.4	1.96	358
10.4	1.98	96
10.4	2	185
10.45	1	188
10.45	1.02	185
10.45	1.04	125
10.45	1.06	213
10.45	1.08	183
10.45	1.1	157
10.45	1.12	174
10.45	1.14	210
10.45	1.16	153
10.45	1.18	172
10.45	1.2	149
10.45	1.22	215
10.45	1.24	215
10.45	1.26	186
10.45	1.28	183
10.45	1.3	153
10.45	1.32	136
10.45	1.34	180
10.45	1.36	210
10.45	1.38	194
10.45	1.4	208
10.45	1.42	183
10.45	1.44	198
10.45	1.46	183
10.45	1.48	183
10.45	1.5	213
10.45	1.52	216
10.45	1.54	180
10.45	1.56	236
10.45	1.58	258
10.45	1.6	239
10.45	1.62	241
10.45	1.64	153
10.45	1.66	182
10.45	1.68	211
10.45	1.7	211
10.45	1.72	292
10.45	1.74	266
10.45	1.76	185
10.45	1.78	216
10.45	1.8	216
10.45	1.82	234
10.45	1.84	306
10.45	1.86	154
10.45	1.88	214
10.45	1.9	243
10.45	1.92	316
10.45	1.94	321
10.45	1.96	189
10.45	1.98	240
10.45	2	302
10.5	1	148
10.5	1.02	145
10.5	1.04	209
10.5	1.06	122
10.5	1.08	162
10.5	1.1	208
10.5	1.12	159
10.5	1.14	147
10.5	1.16	206
10.5	1.18	213
10.5	1.2	182
10.5	1.22	92
10.5	1.24	180
10.5	1.26	180
10.5	1.28	183
10.5	1.3	209
10.5	1.32	208
10.5	1.34	193
10.5	1.36	238
10.5	1.38	198
10.5	1.4	213
10.5	1.42	213
10.5	1.44	232
10.5	1.46	212
10.5	1.48	212
10.5	1.5	181
10.5	1.52	206
10.5	1.54	196
10.5	1.56	207
10.5	1.58	189
10.5	1.6	213
10.5	1.62	184
10.5	1.64	242
10.5	1.66	271
10.5	1.68	238
10.5	1.7	246
10.5	1.72	175
10.5	1.74	185
10.5	1.76	247
10.5	1.78	264
10.5	1.8	270
10.5	1.82	286
10.5	1.84	215
10.5	1.86	216
10.5	1.88	248
10.5	1.9	258
10.5	1.92	290
10.5	1.94	188
10.5	1.96	235
10.5	1.98	296
10.5	2	367
10.55	1	210
10.55	1.02	188
10.55	1.04	182
10.55	1.06	209
10.55	1.08	228
10.55	1.1	182
10.55	1.12	235
10.55	1.14	241
10.55	1.16	183
10.55	1.18	240
10.55	1.2	240
10.55	1.22	271
10.55	1.24	209
10.55	1.26	268
10.55	1.28	237
10.55	1.3	236
10.55	1.32	179
10.55	1.34	186
10.55	1.36	183
10.55	1.38	214
10.55	1.4	213
10.55	1.42	213
10.55	1.44	211
10.55	1.46	211
10.55	1.48	266
10.55	1.5	267
10.55	1.52	266
10.55	1.54	263
10.55	1.56	244
10.55	1.58	215
10.55	1.6	213
10.55	1.62	270
10.55	1.64	243
10.55	1.66	220
10.55	1.68	261
10.55	1.7	253
10.55	1.72	246
10.55	1.74	243
10.55	1.76	209
10.55	1.78	233
10.55	1.8	336
10.55	1.82	247
10.55	1.84	247
10.55	1.86	277
10.55	1.88	298
10.55	1.9	343
10.55	1.92	223
10.55	1.94	266
10.55	1.96	318
10.55	1.98	397
10.55	2	216
10.6	1	127
10.6	1.02	211
10.6	1.04	221
10.6	1.06	240
10.6	1.08	264
10.6	1.1	233
10.6	1.12	216
10.6	1.14	212
10.6	1.16	211
10.6	1.18	184
10.6	1.2	239
10.6	1.22	208
10.6	1.24	184
10.6	1.26	182
10.6	1.28	240
10.6	1.3	215
10.6	1.32	243
10.6	1.34	223
10.6	1.36	195
10.6	1.38	241
10.6	1.4	239
10.6	1.42	239
10.6	1.44	237
10.6	1.46	237
10.6	1.48	233
10.6	1.5	238
10.6	1.52	244
10.6	1.54	291
10.6	1.56	273
10.6	1.58	299
10.6	1.6	241
10.6	1.62	269
10.6	1.64	262
10.6	1.66	280
10.6	1.68	303
10.6	1.7	243
10.6	1.72	270
10.6	1.74	301
10.6	1.76	352
10.6	1.78	295
10.6	1.8	218
10.6	1.82	214
10.6	1.84	287
10.6	1.86	298
10.6	1.88	331
10.6	1.9	224
10.6	1.92	300
10.6	1.94	296
10.6	1.96	393
10.6	1.98	222
10.6	2	275
10.65	1	201
10.65	1.02	145
10.65	1.04	137
10.65	1.06	119
10.65	1.08	123
10.65	1.1	157
10.65	1.12	177
10.65	1.14	154
10.65	1.16	245
10.65	1.18	208
10.65	1.2	153
10.65	1.22	239
10.65	1.24	266
10.65	1.26	209
10.65	1.28	181
10.65	1.3	240
10.65	1.32	260
10.65	1.34	243
10.65	1.36	255
10.65	1.38	238
10.65	1.4	267
10.65	1.42	267
10.65	1.44	242
10.65	1.46	265
10.65	1.48	266
10.65	1.5	271
10.65	1.52	243
10.65	1.54	240
10.65	1.56	210
10.65	1.58	208
10.65	1.6	292
10.65	1.62	225
10.65	1.64	265
10.65	1.66	242
10.65	1.68	181
10.65	1.7	269
10.65	1.72	269
10.65	1.74	266
10.65	1.76	233
10.65	1.78	258
10.65	1.8	245
10.65	1.82	277
10.65	1.84	268
10.65	1.86	364
10.65	1.88	278
10.65	1.9	271
10.65	1.92	272
10.65	1.94	401
10.65	1.96	224
10.65	1.98	260
10.65	2	331
10.7	1	300
10.7	1.02	324
10.7	1.04	264
10.7	1.06	293
10.7	1.08	237
10.7	1.1	232
10.7	1.12	233
10.7	1.14	261
10.7	1.16	201
10.7	1.18	233
10.7	1.2	292
10.7	1.22	206
10.7	1.24	208
10.7	1.26	268
10.7	1.28	240
10.7	1.3	212
10.7	1.32	274
10.7	1.34	264
10.7	1.36	293
10.7	1.38	207
10.7	1.4	241
10.7	1.42	264
10.7	1.44	235
10.7	1.46	240
10.7	1.48	219
10.7	1.5	270
10.7	1.52	268
10.7	1.54	266
10.7	1.56	238
10.7	1.58	267
10.7	1.6	234
10.7	1.62	248
10.7	1.64	242
10.7	1.66	271
10.7	1.68	273
10.7	1.7	272
10.7	1.72	293
10.7	1.74	308
10.7	1.76	300
10.7	1.78	276
10.7	1.8	271
10.7	1.82	358
10.7	1.84	348
10.7	1.86	247
10.7	1.88	302
10.7	1.9	330
10.7	1.92	424
10.7	1.94	279
10.7	1.96	306
10.7	1.98	324
10.7	2	411
10.75	1	138
10.75	1.02	172
10.75	1.04	303
10.75	1.06	297
10.75	1.08	269
10.75	1.1	294
10.75	1.12	267
10.75	1.14	265
10.75	1.16	290
10.75	1.18	264
10.75	1.2	239
10.75	1.22	265
10.75	1.24	263
10.75	1.26	234
10.75	1.28	270
10.75	1.3	263
10.75	1.32	208
10.75	1.34	267
10.75	1.36	227
10.75	1.38	294
10.75	1.4	234
10.75	1.42	270
10.75	1.44	271
10.75	1.46	270
10.75	1.48	270
10.75	1.5	267
10.75	1.52	266
10.75	1.54	264
10.75	1.56	298
10.75	1.58	319
10.75	1.6	291
10.75	1.62	290
10.75	1.64	328
10.75	1.66	325
10.75	1.68	382
10.75	1.7	319
10.75	1.72	339
10.75	1.74	306
10.75	1.76	287
10.75	1.78	340
10.75	1.8	353
10.75	1.82	360
10.75	1.84	278
10.75	1.86	297
10.75	1.88	293
10.75	1.9	358
10.75	1.92	300
10.75	1.94	267
10.75	1.96	340
10.75	1.98	485
10.75	2	288
10.8	1	243
10.8	1.02	193
10.8	1.04	108
10.8	1.06	114
10.8	1.08	150
10.8	1.1	190
10.8	1.12	291
10.8	1.14	320
10.8	1.16	324
10.8	1.18	294
10.8	1.2	272
10.8	1.22	261
10.8	1.24	245
10.8	1.26	271
10.8	1.28	286
10.8	1.3	242
10.8	1.32	271
10.8	1.34	255
10.8	1.36	275
10.8	1.38	236
10.8	1.4	237
10.8	1.42	280
10.8	1.44	297
10.8	1.46	295
10.8	1.48	295
10.8	1.5	292
10.8	1.52	293
10.8	1.54	291
10.8	1.56	287
10.8	1.58	293
10.8	1.6	308
10.8	1.62	370
10.8	1.64	283
10.8	1.66	299
10.8	1.68	236
10.8	1.7	293
10.8	1.72	225
10.8	1.74	246
10.8	1.76	283
10.8	1.78	292
10.8	1.8	364
10.8	1.82	248
10.8	1.84	278
10.8	1.86	357
10.8	1.88	308
10.8	1.9	358
10.8	1.92	331
10.8	1.94	368
10.8	1.96	380
10.8	1.98	304
10.8	2	324
10.85	1	270
10.85	1.02	342
10.85	1.04	296
10.85	1.06	269
10.85	1.08	285
10.85	1.1	221
10.85	1.12	148
10.85	1.14	121
10.85	1.16	98
10.85	1.18	156
10.85	1.2	208
10.85	1.22	218
10.85	1.24	268
10.85	1.26	240
10.85	1.28	270
10.85	1.3	318
10.85	1.32	285
10.85	1.34	277
10.85	1.36	324
10.85	1.38	323
10.85	1.4	296
10.85	1.42	250
10.85	1.44	319
10.85	1.46	294
10.85	1.48	289
10.85	1.5	304
10.85	1.52	294
10.85	1.54	268
10.85	1.56	280
10.85	1.58	276
10.85	1.6	316
10.85	1.62	289
10.85	1.64	304
10.85	1.66	311
10.85	1.68	318
10.85	1.7	300
10.85	1.72	349
10.85	1.74	438
10.85	1.76	378
10.85	1.78	396
10.85	1.8	307
10.85	1.82	357
10.85	1.84	361
10.85	1.86	302
10.85	1.88	404
10.85	1.9	329
10.85	1.92	347
10.85	1.94	363
10.85	1.96	381
10.85	1.98	325
10.85	2	383
10.9	1	221
10.9	1.02	174
10.9	1.04	263
10.9	1.06	334
10.9	1.08	349
10.9	1.1	327
10.9	1.12	292
10.9	1.14	293
10.9	1.16	311
10.9	1.18	313
10.9	1.2	252
10.9	1.22	311
10.9	1.24	254
10.9	1.26	311
10.9	1.28	254
10.9	1.3	264
10.9	1.32	321
10.9	1.34	287
10.9	1.36	269
10.9	1.38	349
10.9	1.4	346
10.9	1.42	321
10.9	1.44	319
10.9	1.46	323
10.9	1.48	320
10.9	1.5	280
10.9	1.52	323
10.9	1.54	325
10.9	1.56	359
10.9	1.58	319
10.9	1.6	307
10.9	1.62	318
10.9	1.64	348
10.9	1.66	301
10.9	1.68	321
10.9	1.7	381
10.9	1.72	361
10.9	1.74	268
10.9	1.76	346
10.9	1.78	276
10.9	1.8	325
10.9	1.82	329
10.9	1.84	369
10.9	1.86	415
10.9	1.88	353
10.9	1.9	383
10.9	1.92	327
10.9	1.94	427
10.9	1.96	361
10.9	1.98	391
10.9	2	421
10.95	1	343
10.95	1.02	310
10.95	1.04	278
10.95	1.06	224
10.95	1.08	209
10.95	1.1	290
10.95	1.12	373
10.95	1.14	372
10.95	1.16	347
10.95	1.18	315
10.95	1.2	344
10.95	1.22	317
10.95	1.24	343
10.95	1.26	311
10.95	1.28	320
10.95	1.3	335
10.95	1.32	287
10.95	1.34	346
10.95	1.36	307
10.95	1.38	261
10.95	1.4	342
10.95	1.42	292
10.95	1.44	288
10.95	1.46	370
10.95	1.48	328
10.95	1.5	327
10.95	1.52	326
10.95	1.54	320
10.95	1.56	333
10.95	1.58	402
10.95	1.6	371
10.95	1.62	344
10.95	1.64	328
10.95	1.66	360
10.95	1.68	416
10.95	1.7	344
10.95	1.72	359
10.95	1.74	371
10.95	1.76	357
10.95	1.78	388
10.95	1.8	412
10.95	1.82	406
10.95	1.84	397
10.95	1.86	378
10.95	1.88	366
10.95	1.9	368
10.95	1.92	411
10.95	1.94	421
10.95	1.96	380
10.95	1.98	410
10.95	2	481
11	1	195
11	1.02	276
11	1.04	344
11	1.06	303
11	1.08	299
11	1.1	251
11	1.12	207
11	1.14	290
11	1.16	307
11	1.18	372
11	1.2	395
11	1.22	368
11	1.24	366
11	1.26	342
11	1.28	344
11	1.3	344
11	1.32	348
11	1.34	341
11	1.36	371
11	1.38	365
11	1.4	304
11	1.42	371
11	1.44	301
11	1.46	326
11	1.48	372
11	1.5	296
11	1.52	316
11	1.54	327
11	1.56	319
11	1.58	350
11	1.6	343
11	1.62	327
11	1.64	359
11	1.66	401
11	1.68	349
11	1.7	380
11	1.72	376
11	1.74	383
11	1.76	381
11	1.78	382
11	1.8	344
11	1.82	363
11	1.84	358
11	1.86	403
11	1.88	459
11	1.9	417
11	1.92	470
11	1.94	368
11	1.96	447
11	1.98	412
11	2	416
11.05	1	362
11.05	1.02	283
11.05	1.04	207
11.05	1.06	326
11.05	1.08	379
11.05	1.1	382
11.05	1.12	355
11.05	1.14	275
11.05	1.16	273
11.05	1.18	262
11.05	1.2	286
11.05	1.22	349
11.05	1.24	352
11.05	1.26	379
11.05	1.28	390
11.05	1.3	369
11.05	1.32	388
11.05	1.34	365
11.05	1.36	342
11.05	1.38	375
11.05	1.4	367
11.05	1.42	380
11.05	1.44	370
11.05	1.46	304
11.05	1.48	371
11.05	1.5	393
11.05	1.52	374
11.05	1.54	405
11.05	1.56	424
11.05	1.58	338
11.05	1.6	364
11.05	1.62	364
11.05	1.64	379
11.05	1.66	372
11.05	1.68	396
11.05	1.7	374
11.05	1.72	394
11.05	1.74	432
11.05	1.76	384
11.05	1.78	370
11.05	1.8	420
11.05	1.82	458
11.05	1.84	456
11.05	1.86	369
11.05	1.88	324
11.05	1.9	430
11.05	1.92	390
11.05	1.94	443
11.05	1.96	432
11.05	1.98	490
11.05	2	424
11.1	1	252
11.1	1.02	409
11.1	1.04	373
11.1	1.06	262
11.1	1.08	236
11.1	1.1	299
11.1	1.12	382
11.1	1.14	384
11.1	1.16	372
11.1	1.18	327
11.1	1.2	285
11.1	1.22	243
11.1	1.24	281
11.1	1.26	315
11.1	1.28	367
11.1	1.3	372
11.1	1.32	374
11.1	1.34	416
11.1	1.36	417
11.1	1.38	357
11.1	1.4	349
11.1	1.42	318
11.1	1.44	395
11.1	1.46	359
11.1	1.48	354
11.1	1.5	404
11.1	1.52	396
11.1	1.54	397
11.1	1.56	375
11.1	1.58	384
11.1	1.6	391
11.1	1.62	415
11.1	1.64	439
11.1	1.66	400
11.1	1.68	378
11.1	1.7	377
11.1	1.72	385
11.1	1.74	336
11.1	1.76	381
11.1	1.78	428
11.1	1.8	434
11.1	1.82	394
11.1	1.84	397
11.1	1.86	452
11.1	1.88	513
11.1	1.9	445
11.1	1.92	411
11.1	1.94	398
11.1	1.96	424
11.1	1.98	500
11.1	2	479
11.15	1	370
11.15	1.02	239
11.15	1.04	340
11.15	1.06	451
11.15	1.08	383
11.15	1.1	308
11.15	1.12	272
11.15	1.14	351
11.15	1.16	418
11.15	1.18	387
11.15	1.2	405
11.15	1.22	392
11.15	1.24	360
11.15	1.26	332
11.15	1.28	299
11.15	1.3	344
11.15	1.32	309
11.15	1.34	315
11.15	1.36	300
11.15	1.38	331
11.15	1.4	379
11.15	1.42	399
11.15	1.44	392
11.15	1.46	426
11.15	1.48	352
11.15	1.5	418
11.15	1.52	372
11.15	1.54	384
11.15	1.56	403
11.15	1.58	404
11.15	1.6	406
11.15	1.62	429
11.15	1.64	397
11.15	1.66	406
11.15	1.68	412
11.15	1.7	445
11.15	1.72	433
11.15	1.74	430
11.15	1.76	485
11.15	1.78	449
11.15	1.8	403
11.15	1.82	439
11.15	1.84	475
11.15	1.86	441
11.15	1.88	443
11.15	1.9	455
11.15	1.92	530
11.15	1.94	527
11.15	1.96	521
11.15	1.98	401
11.15	2	453
11.2	1	350
11.2	1.02	421
11.2	1.04	353
11.2	1.06	283
11.2	1.08	403
11.2	1.1	461
11.2	1.12	403
11.2	1.14	319
11.2	1.16	312
11.2	1.18	402
11.2	1.2	419
11.2	1.22	413
11.2	1.24	407
11.2	1.26	385
11.2	1.28	377
11.2	1.3	355
11.2	1.32	363
11.2	1.34	341
11.2	1.36	389
11.2	1.38	405
11.2	1.4	390
11.2	1.42	381
11.2	1.44	367
11.2	1.46	416
11.2	1.48	429
11.2	1.5	399
11.2	1.52	434
11.2	1.54	392
11.2	1.56	449
11.2	1.58	441
11.2	1.6	450
11.2	1.62	444
11.2	1.64	432
11.2	1.66	433
11.2	1.68	429
11.2	1.7	467
11.2	1.72	411
11.2	1.74	439
11.2	1.76	462
11.2	1.78	500
11.2	1.8	477
11.2	1.82	498
11.2	1.84	472
11.2	1.86	480
11.2	1.88	494
11.2	1.9	471
11.2	1.92	454
11.2	1.94	478
11.2	1.96	532
11.2	1.98	526
11.2	2	558
11.25	1	381
11.25	1.02	319
11.25	1.04	419
11.25	1.06	449
11.25	1.08	354
11.25	1.1	329
11.25	1.12	473
11.25	1.14	458
11.25	1.16	377
11.25	1.18	351
11.25	1.2	369
11.25	1.22	446
11.25	1.24	467
11.25	1.26	459
11.25	1.28	435
11.25	1.3	416
11.25	1.32	447
11.25	1.34	416
11.25	1.36	408
11.25	1.38	432
11.25	1.4	441
11.25	1.42	459
11.25	1.44	424
11.25	1.46	417
11.25	1.48	426
11.25	1.5	402
11.25	1.52	448
11.25	1.54	432
11.25	1.56	449
11.25	1.58	420
11.25	1.6	467
11.25	1.62	437
11.25	1.64	437
11.25	1.66	493
11.25	1.68	477
11.25	1.7	449
11.25	1.72	496
11.25	1.74	529
11.25	1.76	471
11.25	1.78	439
11.25	1.8	501
11.25	1.82	465
11.25	1.84	473
11.25	1.86	561
11.25	1.88	480
11.25	1.9	487
11.25	1.92	534
11.25	1.94	540
11.25	1.96	506
11.25	1.98	553
11.25	2	545
11.3	1	394
11.3	1.02	447
11.3	1.04	385
11.3	1.06	380
11.3	1.08	470
11.3	1.1	443
11.3	1.12	326
11.3	1.14	410
11.3	1.16	515
11.3	1.18	454
11.3	1.2	413
11.3	1.22	360
11.3	1.24	406
11.3	1.26	491
11.3	1.28	468
11.3	1.3	448
11.3	1.32	423
11.3	1.34	479
11.3	1.36	459
11.3	1.38	436
11.3	1.4	464
11.3	1.42	448
11.3	1.44	478
11.3	1.46	440
11.3	1.48	465
11.3	1.5	447
11.3	1.52	459
11.3	1.54	493
11.3	1.56	471
11.3	1.58	474
11.3	1.6	429
11.3	1.62	475
11.3	1.64	468
11.3	1.66	465
11.3	1.68	486
11.3	1.7	510
11.3	1.72	508
11.3	1.74	476
11.3	1.76	489
11.3	1.78	516
11.3	1.8	529
11.3	1.82	500
11.3	1.84	533
11.3	1.86	472
11.3	1.88	504
11.3	1.9	602
11.3	1.92	522
11.3	1.94	530
11.3	1.96	530
11.3	1.98	558
11.3	2	574
11.35	1	433
11.35	1.02	421
11.35	1.04	444
11.35	1.06	437
11.35	1.08	386
11.35	1.1	454
11.35	1.12	498
11.35	1.14	431
11.35	1.16	384
11.35	1.18	514
11.35	1.2	514
11.35	1.22	474
11.35	1.24	437
11.35	1.26	374
11.35	1.28	474
11.35	1.3	541
11.35	1.32	519
11.35	1.34	458
11.35	1.36	476
11.35	1.38	509
11.35	1.4	469
11.35	1.42	477
11.35	1.44	497
11.35	1.46	479
11.35	1.48	487
11.35	1.5	480
11.35	1.52	480
11.35	1.54	495
11.35	1.56	454
11.35	1.58	506
11.35	1.6	500
11.35	1.62	490
11.35	1.64	484
11.35	1.66	500
11.35	1.68	487
11.35	1.7	528
11.35	1.72	515
11.35	1.74	529
11.35	1.76	507
11.35	1.78	512
11.35	1.8	526
11.35	1.82	549
11.35	1.84	523
11.35	1.86	508
11.35	1.88	594
11.35	1.9	502
11.35	1.92	558
11.35	1.94	582
11.35	1.96	561
11.35	1.98	613
11.35	2	599
11.4	1	459
11.4	1.02	450
11.4	1.04	427
11.4	1.06	461
11.4	1.08	504
11.4	1.1	458
11.4	1.12	436
11.4	1.14	520
11.4	1.16	513
11.4	1.18	422
11.4	1.2	447
11.4	1.22	534
11.4	1.24	492
11.4	1.26	482
11.4	1.28	433
11.4	1.3	418
11.4	1.32	551
11.4	1.34	560
11.4	1.36	524
11.4	1.38	469
11.4	1.4	495
11.4	1.42	505
11.4	1.44	485
11.4	1.46	537
11.4	1.48	521
11.4	1.5	553
11.4	1.52	518
11.4	1.54	506
11.4	1.56	493
11.4	1.58	488
11.4	1.6	505
11.4	1.62	531
11.4	1.64	530
11.4	1.66	515
11.4	1.68	547
11.4	1.7	512
11.4	1.72	511
11.4	1.74	563
11.4	1.76	547
11.4	1.78	589
11.4	1.8	538
11.4	1.82	534
11.4	1.84	575
11.4	1.86	572
11.4	1.88	542
11.4	1.9	598
11.4	1.92	597
11.4	1.94	567
11.4	1.96	639
11.4	1.98	558
11.4	2	663
11.45	1	461
11.45	1.02	480
11.45	1.04	501
11.45	1.06	498
11.45	1.08	467
11.45	1.1	513
11.45	1.12	524
11.45	1.14	475
11.45	1.16	501
11.45	1.18	535
11.45	1.2	499
11.45	1.22	458
11.45	1.24	546
11.45	1.26	556
11.45	1.28	525
11.45	1.3	521
11.45	1.32	436
11.45	1.34	524
11.45	1.36	566
11.45	1.38	567
11.45	1.4	532
11.45	1.42	529
11.45	1.44	529
11.45	1.46	521
11.45	1.48	554
11.45	1.5	564
11.45	1.52	548
11.45	1.54	570
11.45	1.56	562
11.45	1.58	556
11.45	1.6	536
11.45	1.62	536
11.45	1.64	551
11.45	1.66	576
11.45	1.68	549
11.45	1.7	555
11.45	1.72	567
11.45	1.74	538
11.45	1.76	577
11.45	1.78	569
11.45	1.8	575
11.45	1.82	623
11.45	1.84	574
11.45	1.86	641
11.45	1.88	612
11.45	1.9	619
11.45	1.92	620
11.45	1.94	636
11.45	1.96	605
11.45	1.98	702
11.45	2	609
11.5	1	511
11.5	1.02	526
11.5	1.04	520
11.5	1.06	513
11.5	1.08	534
11.5	1.1	516
11.5	1.12	517
11.5	1.14	537
11.5	1.16	517
11.5	1.18	505
11.5	1.2	579
11.5	1.22	544
11.5	1.24	496
11.5	1.26	539
11.5	1.28	591
11.5	1.3	544
11.5	1.32	532
11.5	1.34	478
11.5	1.36	505
11.5	1.38	576
11.5	1.4	576
11.5	1.42	560
11.5	1.44	570
11.5	1.46	556
11.5	1.48	551
11.5	1.5	524
11.5	1.52	554
11.5	1.54	579
11.5	1.56	615
11.5	1.58	625
11.5	1.6	684
11.5	1.62	614
11.5	1.64	619
11.5	1.66	561
11.5	1.68	577
11.5	1.7	586
11.5	1.72	597
11.5	1.74	598
11.5	1.76	588
11.5	1.78	568
11.5	1.8	576
11.5	1.82	586
11.5	1.84	615
11.5	1.86	622
11.5	1.88	616
11.5	1.9	631
11.5	1.92	641
11.5	1.94	659
11.5	1.96	670
11.5	1.98	661
11.5	2	706
11.55	1	554
11.55	1.02	530
11.55	1.04	564
11.55	1.06	556
11.55	1.08	548
11.55	1.1	570
11.55	1.12	558
11.55	1.14	552
11.55	1.16	590
11.55	1.18	574
11.55	1.2	528
11.55	1.22	610
11.55	1.24	599
11.55	1.26	555
11.55	1.28	541
11.55	1.3	595
11.55	1.32	592
11.55	1.34	581
11.55	1.36	550
11.55	1.38	549
11.55	1.4	619
11.55	1.42	601
11.55	1.44	586
11.55	1.46	573
11.55	1.48	558
11.55	1.5	584
11.55	1.52	613
11.55	1.54	598
11.55	1.56	605
11.55	1.58	601
11.55	1.6	583
11.55	1.62	625
11.55	1.64	639
11.55	1.66	647
11.55	1.68	668
11.55	1.7	637
11.55	1.72	638
11.55	1.74	641
11.55	1.76	608
11.55	1.78	632
11.55	1.8	628
11.55	1.82	648
11.55	1.84	633
11.55	1.86	621
11.55	1.88	655
11.55	1.9	658
11.55	1.92	692
11.55	1.94	677
11.55	1.96	713
11.55	1.98	695
11.55	2	711
11.6	1	590
11.6	1.02	590
11.6	1.04	583
11.6	1.06	602
11.6	1.08	587
11.6	1.1	577
11.6	1.12	613
11.6	1.14	595
11.6	1.16	568
11.6	1.18	627
11.6	1.2	616
11.6	1.22	563
11.6	1.24	610
11.6	1.26	620
11.6	1.28	595
11.6	1.3	586
11.6	1.32	622
11.6	1.34	627
11.6	1.36	619
11.6	1.38	585
11.6	1.4	583
11.6	1.42	625
11.6	1.44	619
11.6	1.46	625
11.6	1.48	636
11.6	1.5	617
11.6	1.52	592
11.6	1.54	621
11.6	1.56	622
11.6	1.58	618
11.6	1.6	577
11.6	1.62	576
11.6	1.64	603
11.6	1.66	607
11.6	1.68	607
11.6	1.7	611
11.6	1.72	654
11.6	1.74	634
11.6	1.76	680
11.6	1.78	685
11.6	1.8	689
11.6	1.82	658
11.6	1.84	698
11.6	1.86	684
11.6	1.88	712
11.6	1.9	684
11.6	1.92	682
11.6	1.94	739
11.6	1.96	726
11.6	1.98	759
11.6	2	760
11.65	1	609
11.65	1.02	618
11.65	1.04	602
11.65	1.06	611
11.65	1.08	635
11.65	1.1	624
11.65	1.12	619
11.65	1.14	654
11.65	1.16	635
11.65	1.18	598
11.65	1.2	639
11.65	1.22	644
11.65	1.24	591
11.65	1.26	632
11.65	1.28	651
11.65	1.3	630
11.65	1.32	612
11.65	1.34	652
11.65	1.36	650
11.65	1.38	627
11.65	1.4	613
11.65	1.42	624
11.65	1.44	668
11.65	1.46	672
11.65	1.48	642
11.65	1.5	648
11.65	1.52	652
11.65	1.54	650
11.65	1.56	655
11.65	1.58	640
11.65	1.6	644
11.65	1.62	647
11.65	1.64	637
11.65	1.66	639
11.65	1.68	643
11.65	1.7	631
11.65	1.72	638
11.65	1.74	652
11.65	1.76	649
11.65	1.78	666
11.65	1.8	671
11.65	1.82	695
11.65	1.84	726
11.65	1.86	708
11.65	1.88	706
11.65	1.9	749
11.65	1.92	738
11.65	1.94	768
11.65	1.96	734
11.65	1.98	770
11.65	2	806
11.7	1	646
11.7	1.02	649
11.7	1.04	657
11.7	1.06	656
11.7	1.08	648
11.7	1.1	667
11.7	1.12	653
11.7	1.14	650
11.7	1.16	672
11.7	1.18	665
11.7	1.2	644
11.7	1.22	671
11.7	1.24	680
11.7	1.26	641
11.7	1.28	675
11.7	1.3	689
11.7	1.32	666
11.7	1.34	618
11.7	1.36	687
11.7	1.38	689
11.7	1.4	659
11.7	1.42	656
11.7	1.44	650
11.7	1.46	683
11.7	1.48	681
11.7	1.5	676
11.7	1.52	675
11.7	1.54	654
11.7	1.56	667
11.7	1.58	679
11.7	1.6	687
11.7	1.62	699
11.7	1.64	697
11.7	1.66	684
11.7	1.68	709
11.7	1.7	702
11.7	1.72	691
11.7	1.74	698
11.7	1.76	713
11.7	1.78	690
11.7	1.8	739
11.7	1.82	740
11.7	1.84	713
11.7	1.86	735
11.7	1.88	750
11.7	1.9	776
11.7	1.92	758
11.7	1.94	779
11.7	1.96	827
11.7	1.98	807
11.7	2	876
11.75	1	701
11.75	1.02	700
11.75	1.04	701
11.75	1.06	699
11.75	1.08	705
11.75	1.1	690
11.75	1.12	699
11.75	1.14	684
11.75	1.16	688
11.75	1.18	707
11.75	1.2	705
11.75	1.22	690
11.75	1.24	721
11.75	1.26	712
11.75	1.28	677
11.75	1.3	699
11.75	1.32	711
11.75	1.34	707
11.75	1.36	665
11.75	1.38	724
11.75	1.4	723
11.75	1.42	708
11.75	1.44	698
11.75	1.46	706
11.75	1.48	729
11.75	1.5	734
11.75	1.52	710
11.75	1.54	716
11.75	1.56	704
11.75	1.58	715
11.75	1.6	714
11.75	1.62	708
11.75	1.64	718
11.75	1.66	729
11.75	1.68	731
11.75	1.7	775
11.75	1.72	803
11.75	1.74	807
11.75	1.76	825
11.75	1.78	825
11.75	1.8	809
11.75	1.82	800
11.75	1.84	817
11.75	1.86	797
11.75	1.88	788
11.75	1.9	793
11.75	1.92	824
11.75	1.94	818
11.75	1.96	859
11.75	1.98	886
11.75	2	885
11.8	1	740
11.8	1.02	746
11.8	1.04	748
11.8	1.06	739
11.8	1.08	736
11.8	1.1	743
11.8	1.12	731
11.8	1.14	744
11.8	1.16	737
11.8	1.18	739
11.8	1.2	740
11.8	1.22	735
11.8	1.24	724
11.8	1.26	742
11.8	1.28	733
11.8	1.3	713
11.8	1.32	746
11.8	1.34	756
11.8	1.36	731
11.8	1.38	725
11.8	1.4	751
11.8	1.42	740
11.8	1.44	730
11.8	1.46	721
11.8	1.48	750
11.8	1.5	745
11.8	1.52	748
11.8	1.54	745
11.8	1.56	737
11.8	1.58	763
11.8	1.6	774
11.8	1.62	776
11.8	1.64	756
11.8	1.66	781
11.8	1.68	783
11.8	1.7	805
11.8	1.72	761
11.8	1.74	746
11.8	1.76	733
11.8	1.78	738
11.8	1.8	743
11.8	1.82	764
11.8	1.84	784
11.8	1.86	837
11.8	1.88	847
11.8	1.9	846
11.8	1.92	885
11.8	1.94	870
11.8	1.96	912
11.8	1.98	928
11.8	2	935
11.85	1	770
11.85	1.02	784
11.85	1.04	782
11.85	1.06	779
11.85	1.08	787
11.85	1.1	782
11.85	1.12	784
11.85	1.14	782
11.85	1.16	788
11.85	1.18	776
11.85	1.2	779
11.85	1.22	776
11.85	1.24	771
11.85	1.26	768
11.85	1.28	777
11.85	1.3	782
11.85	1.32	767
11.85	1.34	795
11.85	1.36	796
11.85	1.38	766
11.85	1.4	778
11.85	1.42	789
11.85	1.44	785
11.85	1.46	780
11.85	1.48	798
11.85	1.5	790
11.85	1.52	789
11.85	1.54	781
11.85	1.56	779
11.85	1.58	795
11.85	1.6	784
11.85	1.62	789
11.85	1.64	797
11.85	1.66	808
11.85	1.68	823
11.85	1.7	784
11.85	1.72	800
11.85	1.74	816
11.85	1.76	826
11.85	1.78	815
11.85	1.8	830
11.85	1.82	838
11.85	1.84	852
11.85	1.86	846
11.85	1.88	869
11.85	1.9	890
11.85	1.92	889
11.85	1.94	917
11.85	1.96	917
11.85	1.98	959
11.85	2	1000
11.9	1	832
11.9	1.02	829
11.9	1.04	831
11.9	1.06	845
11.9	1.08	832
11.9	1.1	842
11.9	1.12	841
11.9	1.14	843
11.9	1.16	826
11.9	1.18	824
11.9	1.2	825
11.9	1.22	838
11.9	1.24	832
11.9	1.26	825
11.9	1.28	832
11.9	1.3	831
11.9	1.32	819
11.9	1.34	812
11.9	1.36	831
11.9	1.38	817
11.9	1.4	803
11.9	1.42	836
11.9	1.44	835
11.9	1.46	815
11.9	1.48	794
11.9	1.5	831
11.9	1.52	836
11.9	1.54	819
11.9	1.56	829
11.9	1.58	835
11.9	1.6	824
11.9	1.62	834
11.9	1.64	849
11.9	1.66	840
11.9	1.68	837
11.9	1.7	837
11.9	1.72	847
11.9	1.74	857
11.9	1.76	866
11.9	1.78	906
11.9	1.8	934
11.9	1.82	948
11.9	1.84	928
11.9	1.86	940
11.9	1.88	948
11.9	1.9	933
11.9	1.92	982
11.9	1.94	1001
11.9	1.96	1023
11.9	1.98	1037
11.9	2	1059
11.95	1	900
11.95	1.02	894
11.95	1.04	888
11.95	1.06	897
11.95	1.08	908
11.95	1.1	893
11.95	1.12	891
11.95	1.14	884
11.95	1.16	889
11.95	1.18	892
11.95	1.2	879
11.95	1.22	882
11.95	1.24	885
11.95	1.26	886
11.95	1.28	879
11.95	1.3	880
11.95	1.32	878
11.95	1.34	876
11.95	1.36	871
11.95	1.38	874
11.95	1.4	868
11.95	1.42	857
11.95	1.44	882
11.95	1.46	881
11.95	1.48	865
11.95	1.5	879
11.95	1.52	864
11.95	1.54	875
11.95	1.56	863
11.95	1.58	871
11.95	1.6	883
11.95	1.62	877
11.95	1.64	884
11.95	1.66	900
11.95	1.68	899
11.95	1.7	892
11.95	1.72	903
11.95	1.74	912
11.95	1.76	937
11.95	1.78	941
11.95	1.8	925
11.95	1.82	893
11.95	1.84	919
11.95	1.86	933
11.95	1.88	938
11.95	1.9	972
11.95	1.92	983
11.95	1.94	1027
11.95	1.96	1031
11.95	1.98	1055
11.95	2	1070
12	1	973
12	1.02	970
12	1.04	976
12	1.06	958
12	1.08	953
12	1.1	958
12	1.12	965
12	1.14	955
12	1.16	961
12	1.18	953
12	1.2	965
12	1.22	940
12	1.24	944
12	1.26	939
12	1.28	950
12	1.3	936
12	1.32	936
12	1.34	919
12	1.36	927
12	1.38	936
12	1.4	933
12	1.42	922
12	1.44	924
12	1.46	921
12	1.48	913
12	1.5	897
12	1.52	916
12	1.54	930
12	1.56	927
12	1.58	915
12	1.6	930
12	1.62	931
12	1.64	948
12	1.66	946
12	1.68	935
12	1.7	943
12	1.72	947
12	1.74	975
12	1.76	959
12	1.78	956
12	1.8	958
12	1.82	995
12	1.84	1015
12	1.86	1051
12	1.88	1086
12	1.9	1109
12	1.92	1107
12	1.94	1092
12	1.96	1138
12	1.98	1145
12	2	1154
12.05	1	1056
12.05	1.02	1057
12.05	1.04	1049
12.05	1.06	1045
12.05	1.08	1040
12.05	1.1	1044
12.05	1.12	1033
12.05	1.14	1034
12.05	1.16	1031
12.05	1.18	1036
12.05	1.2	1019
12.05	1.22	1015
12.05	1.24	1017
12.05	1.26	1016
12.05	1.28	991
12.05	1.3	997
12.05	1.32	999
12.05	1.34	996
12.05	1.36	984
12.05	1.38	991
12.05	1.4	982
12.05	1.42	978
12.05	1.44	971
12.05	1.46	982
12.05	1.48	975
12.05	1.5	977
12.05	1.52	992
12.05	1.54	979
12.05	1.56	987
12.05	1.58	978
12.05	1.6	991
12.05	1.62	999
12.05	1.64	989
12.05	1.66	991
12.05	1.68	985
12.05	1.7	990
12.05	1.72	1012
12.05	1.74	1008
12.05	1.76	1038
12.05	1.78	1030
12.05	1.8	1054
12.05	1.82	1061
12.05	1.84	1080
12.05	1.86	1088
12.05	1.88	1079
12.05	1.9	1088
12.05	1.92	1116
12.05	1.94	1162
12.05	1.96	1175
12.05	1.98	1206
12.05	2	1237
12.1	1	1154
12.1	1.02	1144
12.1	1.04	1142
12.1	1.06	1147
12.1	1.08	1142
12.1	1.1	1124
12.1	1.12	1124
12.1	1.14	1119
12.1	1.16	1114
12.1	1.18	1096
12.1	1.2	1089
12.1	1.22	1101
12.1	1.24	1087
12.1	1.26	1071
12.1	1.28	1076
12.1	1.3	1073
12.1	1.32	1066
12.1	1.34	1063
12.1	1.36	1061
12.1	1.38	1047
12.1	1.4	1049
12.1	1.42	1050
12.1	1.44	1047
12.1	1.46	1047
12.1	1.48	1061
12.1	1.5	1051
12.1	1.52	1053
12.1	1.54	1057
12.1	1.56	1059
12.1	1.58	1044
12.1	1.6	1046
12.1	1.62	1050
12.1	1.64	1043
12.1	1.66	1050
12.1	1.68	1067
12.1	1.7	1074
12.1	1.72	1086
12.1	1.74	1103
12.1	1.76	1088
12.1	1.78	1092
12.1	1.8	1122
12.1	1.82	1134
12.1	1.84	1136
12.1	1.86	1144
12.1	1.88	1177
12.1	1.9	1199
12.1	1.92	1233
12.1	1.94	1232
12.1	1.96	1235
12.1	1.98	1260
12.1	2	1260
12.15	1	1238
12.15	1.02	1231
12.15	1.04	1230
12.15	1.06	1222
12.15	1.08	1216
12.15	1.1	1216
12.15	1.12	1204
12.15	1.14	1207
12.15	1.16	1185
12.15	1.18	1188
12.15	1.2	1187
12.15	1.22	1168
12.15	1.24	1166
12.15	1.26	1169
12.15	1.28	1163
12.15	1.3	1155
12.15	1.32	1145
12.15	1.34	1146
12.15	1.36	1142
12.15	1.38	1137
12.15	1.4	1138
12.15	1.42	1134
12.15	1.44	1128
12.15	1.46	1126
12.15	1.48	1123
12.15	1.5	1122
12.15	1.52	1109
12.15	1.54	1117
12.15	1.56	1111
12.15	1.58	1107
12.15	1.6	1106
12.15	1.62	1122
12.15	1.64	1146
12.15	1.66	1131
12.15	1.68	1136
12.15	1.7	1164
12.15	1.72	1159
12.15	1.74	1131
12.15	1.76	1163
12.15	1.78	1174
12.15	1.8	1192
12.15	1.82	1200
12.15	1.84	1197
12.15	1.86	1239
12.15	1.88	1248
12.15	1.9	1276
12.15	1.92	1274
12.15	1.94	1295
12.15	1.96	1332
12.15	1.98	1347
12.15	2	1379
12.2	1	1338
12.2	1.02	1342
12.2	1.04	1335
12.2	1.06	1314
12.2	1.08	1310
12.2	1.1	1310
12.2	1.12	1301
12.2	1.14	1276
12.2	1.16	1284
12.2	1.18	1262
12.2	1.2	1254
12.2	1.22	1257
12.2	1.24	1246
12.2	1.26	1246
12.2	1.28	1241
12.2	1.3	1230
12.2	1.32	1233
12.2	1.34	1242
12.2	1.36	1220
12.2	1.38	1213
12.2	1.4	1216
12.2	1.42	1215
12.2	1.44	1209
12.2	1.46	1199
12.2	1.48	1202
12.2	1.5	1205
12.2	1.52	1196
12.2	1.54	1194
12.2	1.56	1196
12.2	1.58	1207
12.2	1.6	1216
12.2	1.62	1210
12.2	1.64	1205
12.2	1.66	1203
12.2	1.68	1215
12.2	1.7	1220
12.2	1.72	1224
12.2	1.74	1240
12.2	1.76	1244
12.2	1.78	1270
12.2	1.8	1271
12.2	1.82	1283
12.2	1.84	1311
12.2	1.86	1331
12.2	1.88	1339
12.2	1.9	1346
12.2	1.92	1350
12.2	1.94	1390
12.2	1.96	1393
12.2	1.98	1391
12.2	2	1400
12.25	1	1457
12.25	1.02	1452
12.25	1.04	1442
12.25	1.06	1435
12.25	1.08	1430
12.25	1.1	1412
12.25	1.12	1396
12.25	1.14	1396
12.25	1.16	1381
12.25	1.18	1387
12.25	1.2	1377
12.25	1.22	1361
12.25	1.24	1354
12.25	1.26	1341
12.25	1.28	1342
12.25	1.3	1338
12.25	1.32	1334
12.25	1.34	1309
12.25	1.36	1313
12.25	1.38	1312
12.25	1.4	1304
12.25	1.42	1289
12.25	1.44	1286
12.25	1.46	1295
12.25	1.48	1289
12.25	1.5	1279
12.25	1.52	1287
12.25	1.54	1283
12.25	1.56	1283
12.25	1.58	1297
12.25	1.6	1290
12.25	1.62	1293
12.25	1.64	1297
12.25	1.66	1294
12.25	1.68	1312
12.25	1.7	1318
12.25	1.72	1314
12.25	1.74	1351
12.25	1.76	1343
12.25	1.78	1368
12.25	1.8	1357
12.25	1.82	1386
12.25	1.84	1399
12.25	1.86	1387
12.25	1.88	1414
12.25	1.9	1421
12.25	1.92	1479
12.25	1.94	1453
12.25	1.96	1469
12.25	1.98	1488
12.25	2	1507
12.3	1	1600
12.3	1.02	1590
12.3	1.04	1576
12.3	1.06	1575
12.3	1.08	1553
12.3	1.1	1544
12.3	1.12	1531
12.3	1.14	1522
12.3	1.16	1512
12.3	1.18	1500
12.3	1.2	1481
12.3	1.22	1473
12.3	1.24	1467
12.3	1.26	1455
12.3	1.28	1435
12.3	1.3	1436
12.3	1.32	1416
12.3	1.34	1418
12.3	1.36	1410
12.3	1.38	1412
12.3	1.4	1397
12.3	1.42	1408
12.3	1.44	1398
12.3	1.46	1392
12.3	1.48	1391
12.3	1.5	1387
12.3	1.52	1396
12.3	1.54	1393
12.3	1.56	1381
12.3	1.58	1371
12.3	1.6	1382
12.3	1.62	1386
12.3	1.64	1383
12.3	1.66	1404
12.3	1.68	1396
12.3	1.7	1422
12.3	1.72	1421
12.3	1.74	1407
12.3	1.76	1452
12.3	1.78	1435
12.3	1.8	1473
12.3	1.82	1471
12.3	1.84	1493
12.3	1.86	1481
12.3	1.88	1506
12.3	1.9	1531
12.3	1.92	1501
12.3	1.94	1548
12.3	1.96	1559
12.3	1.98	1565
12.3	2	1564
12.35	1	1759
12.35	1.02	1756
12.35	1.04	1740
12.35	1.06	1718
12.35	1.08	1690
12.35	1.1	1681
12.35	1.12	1675
12.35	1.14	1648
12.35	1.16	1633
12.35	1.18	1613
12.35	1.2	1612
12.35	1.22	1594
12.35	1.24	1580
12.35	1.26	1580
12.35	1.28	1566
12.35	1.3	1548
12.35	1.32	1542
12.35	1.34	1526
12.35	1.36	1534
12.35	1.38	1511
12.35	1.4	1514
12.35	1.42	1495
12.35	1.44	1497
12.35	1.46	1494
12.35	1.48	1483
12.35	1.5	1482
12.35	1.52	1475
12.35	1.54	1477
12.35	1.56	1481
12.35	1.58	1490
12.35	1.6	1495
12.35	1.62	1493
12.35	1.64	1493
12.35	1.66	1497
12.35	1.68	1512
12.35	1.7	1485
12.35	1.72	1522
12.35	1.74	1519
12.35	1.76	1517
12.35	1.78	1562
12.35	1.8	1536
12.35	1.82	1559
12.35	1.84	1560
12.35	1.86	1598
12.35	1.88	1592
12.35	1.9	1584
12.35	1.92	1623
12.35	1.94	1611
12.35	1.96	1628
12.35	1.98	1627
12.35	2	1659
12.4	1	1961
12.4	1.02	1929
12.4	1.04	1918
12.4	1.06	1904
12.4	1.08	1899
12.4	1.1	1866
12.4	1.12	1841
12.4	1.14	1828
12.4	1.16	1810
12.4	1.18	1792
12.4	1.2	1768
12.4	1.22	1768
12.4	1.24	1746
12.4	1.26	1708
12.4	1.28	1699
12.4	1.3	1686
12.4	1.32	1677
12.4	1.34	1661
12.4	1.36	1658
12.4	1.38	1647
12.4	1.4	1630
12.4	1.42	1626
12.4	1.44	1619
12.4	1.46	1603
12.4	1.48	1616
12.4	1.5	1603
12.4	1.52	1599
12.4	1.54	1598
12.4	1.56	1589
12.4	1.58	1593
12.4	1.6	1588
12.4	1.62	1611
12.4	1.64	1601
12.4	1.66	1598
12.4	1.68	1592
12.4	1.7	1613
12.4	1.72	1605
12.4	1.74	1640
12.4	1.76	1628
12.4	1.78	1616
12.4	1.8	1660
12.4	1.82	1628
12.4	1.84	1659
12.4	1.86	1665
12.4	1.88	1662
12.4	1.9	1701
12.4	1.92	1681
12.4	1.94	1706
12.4	1.96	1695
12.4	1.98	1723
12.4	2	1698
12.45	1	2272
12.45	1.02	2251
12.45	1.04	2219
12.45	1.06	2176
12.45	1.08	2147
12.45	1.1	2113
12.45	1.12	2073
12.45	1.14	2041
12.45	1.16	2014
12.45	1.18	1990
12.45	1.2	1955
12.45	1.22	1929
12.45	1.24	1902
12.45	1.26	1889
12.45	1.28	1869
12.45	1.3	1852
12.45	1.32	1830
12.45	1.34	1819
12.45	1.36	1780
12.45	1.38	1781
12.45	1.4	1766
12.45	1.42	1768
12.45	1.44	1753
12.45	1.46	1757
12.45	1.48	1725
12.45	1.5	1736
12.45	1.52	1717
12.45	1.54	1713
12.45	1.56	1731
12.45	1.58	1699
12.45	1.6	1716
12.45	1.62	1684
12.45	1.64	1709
12.45	1.66	1735
12.45	1.68	1711
12.45	1.7	1697
12.45	1.72	1708
12.45	1.74	1718
12.45	1.76	1721
12.45	1.78	1731
12.45	1.8	1715
12.45	1.82	1761
12.45	1.84	1751
12.45	1.86	1739
12.45	1.88	1781
12.45	1.9	1749
12.45	1.92	1777
12.45	1.94	1772
12.45	1.96	1785
12.45	1.98	1785
12.45	2	1767
12.5	1	2759
12.5	1.02	2655
12.5	1.04	2577
12.5	1.06	2530
12.5	1.08	2461
12.5	1.1	2420
12.5	1.12	2375
12.5	1.14	2322
12.5	1.16	2271
12.5	1.18	2221
12.5	1.2	2200
12.5	1.22	2154
12.5	1.24	2126
12.5	1.26	2095
12.5	1.28	2064
12.5	1.3	2033
12.5	1.32	2017
12.5	1.34	1994
12.5	1.36	1972
12.5	1.38	1950
12.5	1.4	1947
12.5	1.42	1911
12.5	1.44	1894
12.5	1.46	1875
12.5	1.48	1868
12.5	1.5	1856
12.5	1.52	1850
12.5	1.54	1848
12.5	1.56	1835
12.5	1.58	1835
12.5	1.6	1816
12.5	1.62	1825
12.5	1.64	1825
12.5	1.66	1797
12.5	1.68	1817
12.5	1.7	1847
12.5	1.72	1826
12.5	1.74	1807
12.5	1.76	1832
12.5	1.78	1834
12.5	1.8	1839
12.5	1.82	1834
12.5	1.84	1835
12.5	1.86	1869
12.5	1.88	1825
12.5	1.9	1855
12.5	1.92	1864
12.5	1.94	1839
12.5	1.96	1840
12.5	1.98	1833
12.5	2	1816
12.55	1	3221
12.55	1.02	3096
12.55	1.04	2977
12.55	1.06	2865
12.55	1.08	2797
12.55	1.1	2715
12.55	1.12	2651
12.55	1.14	2592
12.55	1.16	2528
12.55	1.18	2473
12.55	1.2	2426
12.55	1.22	2383
12.55	1.24	2327
12.55	1.26	2295
12.55	1.28	2258
12.55	1.3	2222
12.55	1.32	2176
12.55	1.34	2159
12.55	1.36	2138
12.55	1.38	2104
12.55	1.4	2076
12.55	1.42	2060
12.55	1.44	2044
12.55	1.46	2026
12.55	1.48	2019
12.55	1.5	1999
12.55	1.52	2005
12.55	1.54	1976
12.55	1.56	1976
12.55	1.58	1966
12.55	1.6	1958
12.55	1.62	1952
12.55	1.64	1952
12.55	1.66	1941
12.55	1.68	1955
12.55	1.7	1935
12.55	1.72	1930
12.55	1.74	1959
12.55	1.76	1940
12.55	1.78	1928
12.55	1.8	1942
12.55	1.82	1942
12.55	1.84	1941
12.55	1.86	1921
12.55	1.88	1943
12.55	1.9	1926
12.55	1.92	1923
12.55	1.94	1920
12.55	1.96	1929
12.55	1.98	1909
12.55	2	1877
12.6	1	3865
12.6	1.02	3679
12.6	1.04	3528
12.6	1.06	3401
12.6	1.08	3246
12.6	1.1	3137
12.6	1.12	3041
12.6	1.14	2939
12.6	1.16	2867
12.6	1.18	2794
12.6	1.2	2716
12.6	1.22	2648
12.6	1.24	2595
12.6	1.26	2553
12.6	1.28	2489
12.6	1.3	2443
12.6	1.32	2415
12.6	1.34	2362
12.6	1.36	2338
12.6	1.38	2304
12.6	1.4	2272
12.6	1.42	2248
12.6	1.44	2224
12.6	1.46	2206
12.6	1.48	2180
12.6	1.5	2157
12.6	1.52	2148
12.6	1.54	2133
12.6	1.56	2098
12.6	1.58	2111
12.6	1.6	2091
12.6	1.62	2090
12.6	1.64	2069
12.6	1.66	2079
12.6	1.68	2060
12.6	1.7	2062
12.6	1.72	2057
12.6	1.74	2043
12.6	1.76	2032
12.6	1.78	2034
12.6	1.8	2033
12.6	1.82	2015
12.6	1.84	2015
12.6	1.86	2032
12.6	1.88	2019
12.6	1.9	2013
12.6	1.92	1990
12.6	1.94	2006
12.6	1.96	1987
12.6	1.98	1954
12.6	2	1934
12.65	1	4582
12.65	1.02	4392
12.65	1.04	4181
12.65	1.06	3987
12.65	1.08	3782
12.65	1.1	3608
12.65	1.12	3447
12.65	1.14	3335
12.65	1.16	3217
12.65	1.18	3123
12.65	1.2	3030
12.65	1.22	2950
12.65	1.24	2885
12.65	1.26	2797
12.65	1.28	2751
12.65	1.3	2707
12.65	1.32	2640
12.65	1.34	2597
12.65	1.36	2551
12.65	1.38	2515
12.65	1.4	2474
12.65	1.42	2444
12.65	1.44	2415
12.65	1.46	2390
12.65	1.48	2352
12.65	1.5	2351
12.65	1.52	2300
12.65	1.54	2309
12.65	1.56	2288
12.65	1.58	2256
12.65	1.6	2260
12.65	1.62	2219
12.65	1.64	2216
12.65	1.66	2195
12.65	1.68	2192
12.65	1.7	2174
12.65	1.72	2186
12.65	1.74	2151
12.65	1.76	2165
12.65	1.78	2152
12.65	1.8	2141
12.65	1.82	2137
12.65	1.84	2123
12.65	1.86	2109
12.65	1.88	2100
12.65	1.9	2087
12.65	1.92	2082
12.65	1.94	2071
12.65	1.96	2028
12.65	1.98	2008
12.65	2	1956
12.7	1	5336
12.7	1.02	5032
12.7	1.04	4764
12.7	1.06	4508
12.7	1.08	4324
12.7	1.1	4141
12.7	1.12	3989
12.7	1.14	3812
12.7	1.16	3689
12.7	1.18	3538
12.7	1.2	3429
12.7	1.22	3324
12.7	1.24	3214
12.7	1.26	3133
12.7	1.28	3053
12.7	1.3	2961
12.7	1.32	2908
12.7	1.34	2859
12.7	1.36	2787
12.7	1.38	2738
12.7	1.4	2699
12.7	1.42	2648
12.7	1.44	2616
12.7	1.46	2569
12.7	1.48	2549
12.7	1.5	2506
12.7	1.52	2479
12.7	1.54	2453
12.7	1.56	2426
12.7	1.58	2416
12.7	1.6	2377
12.7	1.62	2382
12.7	1.64	2351
12.7	1.66	2337
12.7	1.68	2318
12.7	1.7	2312
12.7	1.72	2287
12.7	1.74	2291
12.7	1.76	2254
12.7	1.78	2273
12.7	1.8	2218
12.7	1.82	2225
12.7	1.84	2202
12.7	1.86	2178
12.7	1.88	2185
12.7	1.9	2155
12.7	1.92	2143
12.7	1.94	2114
12.7	1.96	2063
12.7	1.98	2037
12.7	2	2029
12.75	1	5543
12.75	1.02	5407
12.75	1.04	5207
12.75	1.06	4974
12.75	1.08	4811
12.75	1.1	4622
12.75	1.12	4444
12.75	1.14	4274
12.75	1.16	4071
12.75	1.18	3929
12.75	1.2	3785
12.75	1.22	3653
12.75	1.24	3558
12.75	1.26	3457
12.75	1.28	3362
12.75	1.3	3303
12.75	1.32	3222
12.75	1.34	3126
12.75	1.36	3076
12.75	1.38	3028
12.75	1.4	2953
12.75	1.42	2896
12.75	1.44	2850
12.75	1.46	2803
12.75	1.48	2765
12.75	1.5	2707
12.75	1.52	2696
12.75	1.54	2637
12.75	1.56	2606
12.75	1.58	2574
12.75	1.6	2550
12.75	1.62	2528
12.75	1.64	2506
12.75	1.66	2483
12.75	1.68	2448
12.75	1.7	2421
12.75	1.72	2396
12.75	1.74	2378
12.75	1.76	2364
12.75	1.78	2318
12.75	1.8	2342
12.75	1.82	2296
12.75	1.84	2302
12.75	1.86	2269
12.75	1.88	2230
12.75	1.9	2236
12.75	1.92	2159
12.75	1.94	2133
12.75	1.96	2106
12.75	1.98	2058
12.75	2	2044
12.8	1	5329
12.8	1.02	5223
12.8	1.04	5225
12.8	1.06	5120
12.8	1.08	4910
12.8	1.1	4773
12.8	1.12	4637
12.8	1.14	4472
12.8	1.16	4354
12.8	1.18	4237
12.8	1.2	4098
12.8	1.22	3995
12.8	1.24	3874
12.8	1.26	3746
12.8	1.28	3653
12.8	1.3	3527
12.8	1.32	3437
12.8	1.34	3340
12.8	1.36	3255
12.8	1.38	3183
12.8	1.4	3134
12.8	1.42	3076
12.8	1.44	3012
12.8	1.46	2969
12.8	1.48	2906
12.8	1.5	2867
12.8	1.52	2806
12.8	1.54	2782
12.8	1.56	2765
12.8	1.58	2708
12.8	1.6	2671
12.8	1.62	2649
12.8	1.64	2597
12.8	1.66	2570
12.8	1.68	2551
12.8	1.7	2522
12.8	1.72	2493
12.8	1.74	2467
12.8	1.76	2442
12.8	1.78	2412
12.8	1.8	2394
12.8	1.82	2372
12.8	1.84	2345
12.8	1.86	2310
12.8	1.88	2294
12.8	1.9	2221
12.8	1.92	2218
12.8	1.94	2175
12.8	1.96	2126
12.8	1.98	2096
12.8	2	2041
12.85	1	3979
12.85	1.02	4275
12.85	1.04	4385
12.85	1.06	4610
12.85	1.08	4675
12.85	1.1	4622
12.85	1.12	4563
12.85	1.14	4493
12.85	1.16	4384
12.85	1.18	4274
12.85	1.2	4196
12.85	1.22	4081
12.85	1.24	3970
12.85	1.26	3876
12.85	1.28	3775
12.85	1.3	3714
12.85	1.32	3618
12.85	1.34	3560
12.85	1.36	3480
12.85	1.38	3402
12.85	1.4	3321
12.85	1.42	3256
12.85	1.44	3182
12.85	1.46	3121
12.85	1.48	3061
12.85	1.5	3011
12.85	1.52	2977
12.85	1.54	2917
12.85	1.56	2859
12.85	1.58	2820
12.85	1.6	2775
12.85	1.62	2728
12.85	1.64	2719
12.85	1.66	2661
12.85	1.68	2635
12.85	1.7	2600
12.85	1.72	2581
12.85	1.74	2537
12.85	1.76	2510
12.85	1.78	2489
12.85	1.8	2435
12.85	1.82	2424
12.85	1.84	2379
12.85	1.86	2332
12.85	1.88	2289
12.85	1.9	2253
12.85	1.92	2220
12.85	1.94	2143
12.85	1.96	2145
12.85	1.98	2087
12.85	2	2036
12.9	1	2051
12.9	1.02	2502
12.9	1.04	2910
12.9	1.06	3149
12.9	1.08	3522
12.9	1.1	3750
12.9	1.12	3905
12.9	1.14	4049
12.9	1.16	4069
12.9	1.18	4087
12.9	1.2	4052
12.9	1.22	3991
12.9	1.24	3922
12.9	1.26	3863
12.9	1.28	3789
12.9	1.3	3712
12.9	1.32	3651
12.9	1.34	3581
12.9	1.36	3503
12.9	1.38	3415
12.9	1.4	3366
12.9	1.42	3305
12.9	1.44	3234
12.9	1.46	3173
12.9	1.48	3129
12.9	1.5	3082
12.9	1.52	3016
12.9	1.54	2963
12.9	1.56	2926
12.9	1.58	2896
12.9	1.6	2861
12.9	1.62	2810
12.9	1.64	2776
12.9	1.66	2729
12.9	1.68	2677
12.9	1.7	2648
12.9	1.72	2610
12.9	1.74	2571
12.9	1.76	2548
12.9	1.78	2492
12.9	1.8	2461
12.9	1.82	2411
12.9	1.84	2351
12.9	1.86	2349
12.9	1.88	2274
12.9	1.9	2240
12.9	1.92	2189
12.9	1.94	2150
12.9	1.96	2095
12.9	1.98	2069
12.9	2	2023
12.95	1	365
12.95	1.02	716
12.95	1.04	1126
12.95	1.06	1565
12.95	1.08	1898
12.95	1.1	2291
12.95	1.12	2585
12.95	1.14	2858
12.95	1.16	3138
12.95	1.18	3262
12.95	1.2	3434
12.95	1.22	3524
12.95	1.24	3574
12.95	1.26	3603
12.95	1.28	3601
12.95	1.3	3562
12.95	1.32	3516
12.95	1.34	3470
12.95	1.36	3431
12.95	1.38	3394
12.95	1.4	3337
12.95	1.42	3299
12.95	1.44	3268
12.95	1.46	3218
12.95	1.48	3169
12.95	1.5	3109
12.95	1.52	3061
12.95	1.54	3011
12.95	1.56	2953
12.95	1.58	2889
12.95	1.6	2860
12.95	1.62	2815
12.95	1.64	2746
12.95	1.66	2735
12.95	1.68	2690
12.95	1.7	2646
12.95	1.72	2605
12.95	1.74	2561
12.95	1.76	2502
12.95	1.78	2473
12.95	1.8	2422
12.95	1.82	2372
12.95	1.84	2342
12.95	1.86	2269
12.95	1.88	2247
12.95	1.9	2198
12.95	1.92	2140
12.95	1.94	2122
12.95	1.96	2060
12.95	1.98	2021
12.95	2	1985
13	1	0
13	1.02	8
13	1.04	85
13	1.06	263
13	1.08	550
13	1.1	868
13	1.12	1210
13	1.14	1516
13	1.16	1803
13	1.18	2104
13	1.2	2298
13	1.22	2542
13	1.24	2741
13	1.26	2840
13	1.28	2949
13	1.3	3049
13	1.32	3113
13	1.34	3147
13	1.36	3166
13	1.38	3163
13	1.4	3150
13	1.42	3102
13	1.44	3083
13	1.46	3041
13	1.48	3006
13	1.5	2955
13	1.52	2931
13	1.54	2902
13	1.56	2865
13	1.58	2835
13	1.6	2771
13	1.62	2733
13	1.64	2707
13	1.66	2666
13	1.68	2622
13	1.7	2564
13	1.72	2519
13	1.74	2469
13	1.76	2427
13	1.78	2384
13	1.8	2344
13	1.82	2294
13	1.84	2238
13	1.86	2198
13	1.88	2155
13	1.9	2122
13	1.92	2072
13	1.94	2025
13	1.96	1985
13	1.98	1920
13	2	1906
13.05	1	0
13.05	1.02	0
13.05	1.04	0
13.05	1.06	0
13.05	1.08	1
13.05	1.1	52
13.05	1.12	191
13.05	1.14	406
13.05	1.16	671
13.05	1.18	955
13.05	1.2	1211
13.05	1.22	1432
13.05	1.24	1647
13.05	1.26	1876
13.05	1.28	2047
13.05	1.3	2202
13.05	1.32	2333
13.05	1.34	2444
13.05	1.36	2519
13.05	1.38	2591
13.05	1.4	2639
13.05	1.42	2688
13.05	1.44	2700
13.05	1.46	2728
13.05	1.48	2728
13.05	1.5	2731
13.05	1.52	2707
13.05	1.54	2683
13.05	1.56	2653
13.05	1.58	2632
13.05	1.6	2607
13.05	1.62	2572
13.05	1.64	2516
13.05	1.66	2482
13.05	1.68	2455
13.05	1.7	2415
13.05	1.72	2372
13.05	1.74	2338
13.05	1.76	2288
13.05	1.78	2248
13.05	1.8	2197
13.05	1.82	2167
13.05	1.84	2133
13.05	1.86	2097
13.05	1.88	2042
13.05	1.9	1999
13.05	1.92	1960
13.05	1.94	1917
13.05	1.96	1890
13.05	1.98	1829
13.05	2	1793
13.1	1	0
13.1	1.02	0
13.1	1.04	0
13.1	1.06	0
13.1	1.08	0
13.1	1.1	0
13.1	1.12	0
13.1	1.14	0
13.1	1.16	33
13.1	1.18	127
13.1	1.2	294
13.1	1.22	496
13.1	1.24	712
13.1	1.26	932
13.1	1.28	1125
13.1	1.3	1305
13.1	1.32	1470
13.1	1.34	1616
13.1	1.36	1745
13.1	1.38	1868
13.1	1.4	1980
13.1	1.42	2055
13.1	1.44	2125
13.1	1.46	2177
13.1	1.48	2220
13.1	1.5	2262
13.1	1.52	2265
13.1	1.54	2284
13.1	1.56	2300
13.1	1.58	2291
13.1	1.6	2286
13.1	1.62	2278
13.1	1.64	2268
13.1	1.66	2251
13.1	1.68	2224
13.1	1.7	2184
13.1	1.72	2159
13.1	1.74	2136
13.1	1.76	2100
13.1	1.78	2056
13.1	1.8	2032
13.1	1.82	1987
13.1	1.84	1949
13.1	1.86	1917
13.1	1.88	1880
13.1	1.9	1839
13.1	1.92	1797
13.1	1.94	1763
13.1	1.96	1706
13.1	1.98	1677
13.1	2	1628
13.15	1	0
13.15	1.02	0
13.15	1.04	0
13.15	1.06	0
13.15	1.08	0
13.15	1.1	0
13.15	1.12	0
13.15	1.14	0
13.15	1.16	0
13.15	1.18	0
13.15	1.2	0
13.15	1.22	16
13.15	1.24	76
13.15	1.26	184
13.15	1.28	348
13.15	1.3	505
13.15	1.32	680
13.15	1.34	840
13.15	1.36	1000
13.15	1.38	1128
13.15	1.4	1248
13.15	1.42	1367
13.15	1.44	1459
13.15	1.46	1539
13.15	1.48	1618
13.15	1.5	1683
13.15	1.52	1753
13.15	1.54	1788
13.15	1.56	1827
13.15	1.58	1851
13.15	1.6	1872
13.15	1.62	1874
13.15	1.64	1892
13.15	1.66	1874
13.15	1.68	1881
13.15	1.7	1879
13.15	1.72	1862
13.15	1.74	1849
13.15	1.76	1833
13.15	1.78	1809
13.15	1.8	1778
13.15	1.82	1758
13.15	1.84	1722
13.15	1.86	1691
13.15	1.88	1661
13.15	1.9	1624
13.15	1.92	1591
13.15	1.94	1546
13.15	1.96	1519
13.15	1.98	1487
13.15	2	1410
13.2	1	0
13.2	1.02	0
13.2	1.04	0
13.2	1.06	0
13.2	1.08	0
13.2	1.1	0
13.2	1.12	0
13.2	1.14	0
13.2	1.16	0
13.2	1.18	0
13.2	1.2	0
13.2	1.22	0
13.2	1.24	0
13.2	1.26	0
13.2	1.28	5
13.2	1.3	38
13.2	1.32	102
13.2	1.34	206
13.2	1.36	334
13.2	1.38	466
13.2	1.4	589
13.2	1.42	709
13.2	1.44	827
13.2	1.46	931
13.2	1.48	1023
13.2	1.5	1106
13.2	1.52	1178
13.2	1.54	1237
13.2	1.56	1295
13.2	1.58	1337
13.2	1.6	1379
13.2	1.62	1416
13.2	1.64	1446
13.2	1.66	1473
13.2	1.68	1462
13.2	1.7	1494
13.2	1.72	1495
13.2	1.74	1483
13.2	1.76	1487
13.2	1.78	1469
13.2	1.8	1465
13.2	1.82	1448
13.2	1.84	1437
13.2	1.86	1404
13.2	1.88	1383
13.2	1.9	1357
13.2	1.92	1331
13.2	1.94	1299
13.2	1.96	1264
13.2	1.98	1234
13.2	2	1202
13.25	1	0
13.25	1.02	0
13.25	1.04	0
13.25	1.06	0
13.25	1.08	0
13.25	1.1	0
13.25	1.12	0
13.25	1.14	0
13.25	1.16	0
13.25	1.18	0
13.25	1.2	0
13.25	1.22	0
13.25	1.24	0
13.25	1.26	0
13.25	1.28	0
13.25	1.3	0
13.25	1.32	0
13.25	1.34	1
13.25	1.36	12
13.25	1.38	44
13.25	1.4	100
13.25	1.42	183
13.25	1.44	276
13.25	1.46	374
13.25	1.48	465
13.25	1.5	555
13.25	1.52	638
13.25	1.54	722
13.25	1.56	783
13.25	1.58	853
13.25	1.6	906
13.25	1.62	951
13.25	1.64	979
13.25	1.66	1011
13.25	1.68	1063
13.25	1.7	1072
13.25	1.72	1090
13.25	1.74	1108
13.25	1.76	1102
13.25	1.78	1133
13.25	1.8	1115
13.25	1.82	1110
13.25	1.84	1097
13.25	1.86	1093
13.25	1.88	1071
13.25	1.9	1061
13.25	1.92	1043
13.25	1.94	1019
13.25	1.96	995
13.25	1.98	964
13.25	2	936
13.3	1	0
13.3	1.02	0
13.3	1.04	0
13.3	1.06	0
13.3	1.08	0
13.3	1.1	0
13.3	1.12	0
13.3	1.14	0
13.3	1.16	0
13.3	1.18	0
13.3	1.2	0
13.3	1.22	0
13.3	1.24	0
13.3	1.26	0
13.3	1.28	0
13.3	1.3	0
13.3	1.32	0
13.3	1.34	0
13.3	1.36	0
13.3	1.38	0
13.3	1.4	0
13.3	1.42	1
13.3	1.44	13
13.3	1.46	36
13.3	1.48	77
13.3	1.5	129
13.3	1.52	195
13.3	1.54	262
13.3	1.56	330
13.3	1.58	394
13.3	1.6	450
13.3	1.62	510
13.3	1.64	557
13.3	1.66	607
13.3	1.68	630
13.3	1.7	665
13.3	1.72	702
13.3	1.74	724
13.3	1.76	746
13.3	1.78	751
13.3	1.8	766
13.3	1.82	767
13.3	1.84	768
13.3	1.86	771
13.3	1.88	767
13.3	1.9	750
13.3	1.92	738
13.3	1.94	725
13.3	1.96	701
13.3	1.98	689
13.3	2	676
13.35	1	0
13.35	1.02	0
13.35	1.04	0
13.35	1.06	0
13.35	1.08	0
13.35	1.1	0
13.35	1.12	0
13.35	1.14	0
13.35	1.16	0
13.35	1.18	0
13.35	1.2	0
13.35	1.22	0
13.35	1.24	0
13.35	1.26	0
13.35	1.28	0
13.35	1.3	0
13.35	1.32	0
13.35	1.34	0
13.35	1.36	0
13.35	1.38	0
13.35	1.4	0
13.35	1.42	0
13.35	1.44	0
13.35	1.46	0
13.35	1.48	0
13.35	1.5	1
13.35	1.52	5
13.35	1.54	20
13.35	1.56	41
13.35	1.58	72
13.35	1.6	109
13.35	1.62	146
13.35	1.64	192
13.35	1.66	232
13.35	1.68	277
13.35	1.7	314
13.35	1.72	348
13.35	1.74	373
13.35	1.76	407
13.35	1.78	416
13.35	1.8	433
13.35	1.82	451
13.35	1.84	456
13.35	1.86	462
13.35	1.88	466
13.35	1.9	467
13.35	1.92	464
13.35	1.94	457
13.35	1.96	447
13.35	1.98	435
13.35	2	417
13.4	1	0
13.4	1.02	0
13.4	1.04	0
13.4	1.06	0
13.4	1.08	0
13.4	1.1	0
13.4	1.12	0
13.4	1.14	0
13.4	1.16	0
13.4	1.18	0
13.4	1.2	0
13.4	1.22	0
13.4	1.24	0
13.4	1.26	0
13.4	1.28	0
13.4	1.3	0
13.4	1.32	0
13.4	1.34	0
13.4	1.36	0
13.4	1.38	0
13.4	1.4	0
13.4	1.42	0
13.4	1.44	0
13.4	1.46	0
13.4	1.48	0
13.4	1.5	0
13.4	1.52	0
13.4	1.54	0
13.4	1.56	0
13.4	1.58	0
13.4	1.6	1
13.4	1.62	5
13.4	1.64	14
13.4	1.66	24
13.4	1.68	41
13.4	1.7	58
13.4	1.72	75
13.4	1.74	97
13.4	1.76	116
13.4	1.78	141
13.4	1.8	160
13.4	1.82	172
13.4	1.84	193
13.4	1.86	194
13.4	1.88	205
13.4	1.9	212
13.4	1.92	216
13.4	1.94	217
13.4	1.96	214
13.4	1.98	207
13.4	2	202
13.45	1	0
13.45	1.02	0
13.45	1.04	0
13.45	1.06	0
13.45	1.08	0
13.45	1.1	0
13.45	1.12	0
13.45	1.14	0
13.45	1.16	0
13.45	1.18	0
13.45	1.2	0
13.45	1.22	0
13.45	1.24	0
13.45	1.26	0
13.45	1.28	0
13.45	1.3	0
13.45	1.32	0
13.45	1.34	0
13.45	1.36	0
13.45	1.38	0
13.45	1.4	0
13.45	1.42	0
13.45	1.44	0
13.45	1.46	0
13.45	1.48	0
13.45	1.5	0
13.45	1.52	0
13.45	1.54	0
13.45	1.56	0
13.45	1.58	0
13.45	1.6	0
13.45	1.62	0
13.45	1.64	0
13.45	1.66	0
13.45	1.68	0
13.45	1.7	0
13.45	1.72	1
13.45	1.74	2
13.45	1.76	5
13.45	1.78	9
13.45	1.8	16
13.45	1.82	20
13.45	1.84	25
13.45	1.86	32
13.45	1.88	36
13.45	1.9	41
13.45	1.92	42
13.45	1.94	44
13.45	1.96	46
13.45	1.98	45
13.45	2	44
13.5	1	0
13.5	1.02	0
13.5	1.04	0
13.5	1.06	0
13.5	1.08	0
13.5	1.1	0
13.5	1.12	0
13.5	1.14	0
13.5	1.16	0
13.5	1.18	0
13.5	1.2	0
13.5	1.22	0
13.5	1.24	0
13.5	1.26	0
13.5	1.28	0
13.5	1.3	0
13.5	1.32	0
13.5	1.34	0
13.5	1.36	0
13.5	1.38	0
13.5	1.4	0
13.5	1.42	0
13.5	1.44	0
13.5	1.46	0
13.5	1.48	0
13.5	1.5	0
13.5	1.52	0
13.5	1.54	0
13.5	1.56	0
13.5	1.58	0
13.5	1.6	0
13.5	1.62	0
13.5	1.64	0
13.5	1.66	0
13.5	1.68	0
13.5	1.7	0
13.5	1.72	0
13.5	1.74	0
13.5	1.76	0
13.5	1.78	0
13.5	1.8	0
13.5	1.82	0
13.5	1.84	0
13.5	1.86	0
13.5	1.88	0
13.5	1.9	0
13.5	1.92	0
13.5	1.94	0
13.5	1.96	0
13.5	1.98	0
13.5	2	0
