50.027	-200	-100
50	-199.97	-100
45.026	-195	-100
45.026	-190	-100
45	-189.97	-100
40.026	-185	-100
40	-184.98	-100
35.024	-180	-100
35	-179.98	-100
30.022	-175	-100
30.024	-170	-100
30	-169.98	-100
25.022	-165	-100
25	-164.98	-100
20.02	-160	-100
20	-159.98	-100
15.019	-155	-100
15	-154.98	-100
10.019	-150	-100
10.018	-145	-100
10	-144.98	-100
5.0172	-140	-100
5	-139.98	-100
0.01637	-135	-100
0	-134.98	-100
-4.9836	-130	-100
-4.9839	-125	-100
-5	-124.98	-100
-9.9849	-120	-100
-10	-119.99	-100
-14.985	-115	-100
-15	-114.99	-100
-19.985	-110	-100
-20	-109.99	-100
-24.985	-105	-100
-24.986	-100	-100
-25	-99.987	-100
-29.987	-95	-100
-30	-94.987	-100
-34.987	-90	-100
-35	-89.987	-100
-39.987	-85	-100
-40	-84.987	-100
-44.987	-80	-100
-44.988	-75	-100
-45	-74.988	-100
-49.988	-70	-100
-50	-69.988	-100
-54.988	-65	-100
-55	-64.988	-100
-59.988	-60	-100
-59.989	-55	-100
-60	-54.989	-100
-64.989	-50	-100
-65	-49.989	-100
-69.989	-45	-100
-70	-44.989	-100
-74.989	-40	-100
-75	-39.989	-100
-79.989	-35	-100
-79.99	-30	-100
-80	-29.99	-100
-84.99	-25	-100
-85	-24.99	-100
-89.99	-20	-100
-90	-19.99	-100
-94.99	-15	-100
-94.991	-10	-100
-95	-9.9906	-100
-99.991	-5	-100
-100	-4.9906	-100
-104.99	0	-100
-105	0.0094453	-100
-109.99	5	-100
-110	5.0095	-100
-114.99	10	-100
-114.99	15	-100
-115	15.009	-100
-119.99	20	-100
-120	20.009	-100
-124.99	25	-100
-125	25.009	-100
-129.99	30	-100
-130	30.009	-100
-134.99	35	-100
-134.99	40	-100
-135	40.008	-100
-139.99	45	-100
-140	45.008	-100
-144.99	50	-100
-145	50.008	-100
-149.99	55	-100
-149.99	60	-100
-150	60.008	-100
-154.99	65	-100
-155	65.008	-100
-159.99	70	-100
-160	70.008	-100
-164.99	75	-100
-165	75.008	-100
-169.99	80	-100
-169.99	85	-100
-170	85.007	-100
-174.99	90	-100
-175	90.007	-100
-179.99	95	-100
-180	95.007	-100
-184.99	100	-100
-184.99	105	-100
-185	105.01	-100
-189.99	110	-100
-190	110.01	-100
-194.99	115	-100
-195	115.01	-100
-199.99	120	-100
-200	120.01	-100
-204.99	125	-100
-204.99	130	-100
-205	130.01	-100
-209.99	135	-100
-210	135.01	-100
-214.99	140	-100
-215	140.01	-100
-219.99	145	-100
-220	145.01	-100
-224.99	150	-100
-224.99	155	-100
-225	155.01	-100
-229.99	160	-100
-230	160.01	-100
-234.99	165	-100
-235	165.01	-100
-239.99	170	-100
-239.99	175	-100
-240	175.01	-100
-244.99	180	-100
-245	180.01	-100
-249.99	185	-100
-250	185.01	-100
-254.99	190	-100
-255	190.01	-100
-259.99	195	-100
-259.99	200	-100
-260	200.01	-100
-264.99	205	-100
-265	205.01	-100
-269.99	210	-100
-270	210.01	-100
-274.99	215	-100
-274.99	220	-100
-275	220.01	-100
-279.99	225	-100
-280	225.01	-100
-284.99	230	-100
-285	230.01	-100
-289.99	235	-100
-290	235.01	-100
-294.99	240	-100
-294.99	245	-100
-295	245.01	-100
-299.99	250	-100
-300	250.01	-100
-304.99	255	-100
-305	255.01	-100
-309.99	260	-100
-310	260.01	-100
-314.99	265	-100
-314.99	270	-100
-315	270.01	-100
-319.99	275	-100
-320	275.01	-100
-324.99	280	-100
-325	280.01	-100
-329.99	285	-100
-330	290	-100
-330	290	-100
-335	295	-100
-335	295	-100
-340	300	-100
-340	300	-100
-345	305	-100
-345	305	-100
-350	310	-100
-350	315	-100
-350	315	-100
-355	320	-100
-355	320	-100
-360	325	-100
-360	325	-100
-365	330	-100
-365	330	-100
-370	335	-100
-370	340	-100
-370	340	-100
-375	345	-100
-375	350	-100
-375	355	-100
-375	355	-100
-380	360	-100
-380	365	-100
-380	370	-100
-380	370	-100
-385	375	-100
-385	380	-100
-385	385	-100
-385	385	-100
-390	390	-100
-390	395	-100
-390	400	-100
-390	405	-100
-390	405	-100
-395	410	-100
-395	415	-100
-395	420	-100
-395	420	-100
-400	425	-100
-400	430	-100
-400	435	-100
-400	440	-100
-400	440	-100
-9.9777	-200	0
-9.9775	-195	0
-10	-194.98	0
-14.978	-190	0
-15	-189.98	0
-19.98	-185	0
-20	-184.98	0
-24.981	-180	0
-25	-179.98	0
-29.982	-175	0
-29.981	-170	0
-30	-169.98	0
-34.983	-165	0
-35	-164.98	0
-39.984	-160	0
-40	-159.98	0
-44.985	-155	0
-45	-154.99	0
-49.985	-150	0
-49.985	-145	0
-50	-144.99	0
-54.986	-140	0
-55	-139.99	0
-59.987	-135	0
-60	-134.99	0
-64.987	-130	0
-65	-129.99	0
-69.987	-125	0
-69.987	-120	0
-70	-119.99	0
-74.988	-115	0
-75	-114.99	0
-79.989	-110	0
-80	-109.99	0
-84.989	-105	0
-85	-104.99	0
-89.989	-100	0
-89.989	-95	0
-90	-94.99	0
-94.99	-90	0
-95	-89.99	0
-99.99	-85	0
-100	-84.99	0
-104.99	-80	0
-105	-79.99	0
-109.99	-75	0
-109.99	-70	0
-110	-69.991	0
-114.99	-65	0
-115	-64.991	0
-119.99	-60	0
-120	-59.991	0
-124.99	-55	0
-125	-54.991	0
-129.99	-50	0
-129.99	-45	0
-130	-44.992	0
-134.99	-40	0
-135	-39.992	0
-139.99	-35	0
-140	-34.992	0
-144.99	-30	0
-145	-29.992	0
-149.99	-25	0
-149.99	-20	0
-150	-19.993	0
-154.99	-15	0
-155	-14.993	0
-159.99	-10	0
-160	-9.9926	0
-164.99	-5	0
-165	-4.9925	0
-169.99	0	0
-169.99	5	0
-170	5.0069	0
-174.99	10	0
-175	10.007	0
-179.99	15	0
-180	15.007	0
-184.99	20	0
-185	20.007	0
-189.99	25	0
-189.99	30	0
-190	30.006	0
-194.99	35	0
-195	35.006	0
-199.99	40	0
-200	40.006	0
-204.99	45	0
-205	45.006	0
-209.99	50	0
-209.99	55	0
-210	55.006	0
-214.99	60	0
-215	60.006	0
-219.99	65	0
-220	65.006	0
-224.99	70	0
-225	70.006	0
-229.99	75	0
-229.99	80	0
-230	80.006	0
-234.99	85	0
-235	85.006	0
-239.99	90	0
-240	90.006	0
-244.99	95	0
-245	95.006	0
-249.99	100	0
-249.99	105	0
-250	105.01	0
-254.99	110	0
-255	110.01	0
-259.99	115	0
-260	115.01	0
-264.99	120	0
-265	120.01	0
-269.99	125	0
-270	130	0
-270	130	0
-275	135	0
-275	135	0
-280	140	0
-280	140	0
-285	145	0
-285	145	0
-290	150	0
-290	155	0
-290	155	0
-295	160	0
-295	160	0
-300	165	0
-300	165	0
-305	170	0
-305	170	0
-310	175	0
-310	175	0
-315	180	0
-315	185	0
-315	185	0
-320	190	0
-320	190	0
-325	195	0
-325	195	0
-330	200	0
-330	200	0
-335	205	0
-335	210	0
-335	210	0
-340	215	0
-340	215	0
-345	220	0
-345	225	0
-345	225	0
-350	230	0
-350	230	0
-355	235	0
-355	240	0
-355	240	0
-360	245	0
-360	245	0
-365	250	0
-365	255	0
-365	255	0
-370	260	0
-370	260	0
-375	265	0
-375	270	0
-375	270	0
-380	275	0
-380	275	0
-385	280	0
-385	285	0
-385	290	0
-385	290	0
-390	295	0
-390	300	0
-390	305	0
-390	310	0
-390	310	0
-395	315	0
-395	320	0
-395	325	0
-395	325	0
-400	330	0
-400	335	0
-400	340	0
-400	345	0
-400	345	0
-64.982	-200	100
-65	-199.98	100
-69.982	-195	100
-69.982	-190	100
-70	-189.98	100
-74.983	-185	100
-75	-184.98	100
-79.983	-180	100
-80	-179.98	100
-84.984	-175	100
-85	-174.99	100
-89.985	-170	100
-90	-169.99	100
-94.986	-165	100
-95	-164.99	100
-99.987	-160	100
-100	-159.99	100
-104.99	-155	100
-105	-154.99	100
-109.99	-150	100
-109.99	-145	100
-110	-144.99	100
-114.99	-140	100
-115	-139.99	100
-119.99	-135	100
-120	-134.99	100
-124.99	-130	100
-125	-129.99	100
-129.99	-125	100
-130	-124.99	100
-134.99	-120	100
-135	-119.99	100
-139.99	-115	100
-140	-114.99	100
-144.99	-110	100
-145	-109.99	100
-149.99	-105	100
-149.99	-100	100
-150	-99.991	100
-154.99	-95	100
-155	-94.992	100
-159.99	-90	100
-160	-89.992	100
-164.99	-85	100
-165	-84.992	100
-169.99	-80	100
-170	-79.993	100
-174.99	-75	100
-175	-74.993	100
-179.99	-70	100
-180	-69.993	100
-184.99	-65	100
-185	-64.993	100
-189.99	-60	100
-189.99	-55	100
-190	-54.993	100
-194.99	-50	100
-195	-49.993	100
-199.99	-45	100
-200	-44.994	100
-204.99	-40	100
-205	-39.994	100
-209.99	-35	100
-210	-34.994	100
-214.99	-30	100
-215	-29.994	100
-219.99	-25	100
-220	-24.994	100
-224.99	-20	100
-225	-19.994	100
-229.99	-15	100
-229.99	-10	100
-230	-9.9944	100
-234.99	-5	100
-235	-4.9946	100
-239.99	0	100
-240	0.0053943	100
-244.99	5	100
-245	5.0054	100
-249.99	10	100
-250	10.005	100
-254.99	15	100
-255	15.005	100
-259.99	20	100
-260	20.005	100
-264.99	25	100
-265	25.005	100
-269.99	30	100
-270	35	100
-270	35.005	100
-275	40	100
-275	40.005	100
-280	45	100
-280	45.005	100
-285	50	100
-285	50.005	100
-290	55	100
-290	55.005	100
-295	60	100
-295	60.005	100
-300	65	100
-300	65.005	100
-305	70	100
-305	70.005	100
-310	75	100
-310	75.005	100
-315	80	100
-315	85	100
-315	85.005	100
-320	90	100
-320	90.005	100
-325	95	100
-325	95.005	100
-330	100	100
-330	100	100
-335	105	100
-335	110	100
-335	110	100
-340	115	100
-340	115	100
-345	120	100
-345	125	100
-345	125	100
-350	130	100
-350	130	100
-355	135	100
-355	140	100
-355	140	100
-360	145	100
-360	145	100
-365	150	100
-365	155	100
-365	155	100
-370	160	100
-370	160	100
-375	165	100
-375	170	100
-375	170	100
-380	175	100
-380	180	100
-380	180	100
-385	185	100
-385	190	100
-385	195	100
-385	195	100
-390	200	100
-390	205	100
-390	210	100
-390	215	100
-390	215	100
-395	220	100
-395	225	100
-395	230	100
-395	230	100
-400	235	100
-400	240	100
-400	245	100
-400	250	100
-400	250	100
-139.99	-200	200
-139.99	-195	200
-140	-194.99	200
-144.99	-190	200
-145	-189.99	200
-149.99	-185	200
-150	-184.99	200
-154.99	-180	200
-155	-179.99	200
-159.99	-175	200
-160	-174.99	200
-164.99	-170	200
-165	-169.99	200
-169.99	-165	200
-170	-164.99	200
-174.99	-160	200
-175	-159.99	200
-179.99	-155	200
-180	-154.99	200
-184.99	-150	200
-185	-149.99	200
-189.99	-145	200
-190	-144.99	200
-194.99	-140	200
-195	-139.99	200
-199.99	-135	200
-200	-134.99	200
-204.99	-130	200
-205	-129.99	200
-209.99	-125	200
-210	-124.99	200
-214.99	-120	200
-215	-119.99	200
-219.99	-115	200
-220	-114.99	200
-224.99	-110	200
-225	-109.99	200
-229.99	-105	200
-230	-104.99	200
-234.99	-100	200
-235	-99.994	200
-239.99	-95	200
-240	-94.995	200
-244.99	-90	200
-245	-89.995	200
-249.99	-85	200
-250	-84.995	200
-254.99	-80	200
-255	-79.995	200
-259.99	-75	200
-260	-74.995	200
-265	-70	200
-265	-69.995	200
-270	-65	200
-270	-64.995	200
-275	-60	200
-275	-59.995	200
-280	-55	200
-280	-54.995	200
-285	-50	200
-285	-49.995	200
-290	-45	200
-290	-44.995	200
-295	-40	200
-295	-39.995	200
-300	-35	200
-300	-34.995	200
-305	-30	200
-305	-29.995	200
-310	-25	200
-310	-24.995	200
-315	-20	200
-315	-15	200
-315	-14.995	200
-320	-10	200
-320	-9.9953	200
-325	-5	200
-325	-4.9953	200
-330	0	200
-330	0.0047174	200
-335	5	200
-335	10	200
-335	10.005	200
-340	15	200
-340	15.005	200
-345	20	200
-345	25	200
-345	25.005	200
-350	30	200
-350	30.005	200
-355	35	200
-355	40	200
-355	40.005	200
-360	45	200
-360	45.005	200
-365	50	200
-365	55	200
-365	55.005	200
-370	60	200
-370	60.005	200
-375	65	200
-375	70	200
-375	70.005	200
-380	75	200
-380	80	200
-380	85	200
-380	85.005	200
-385	90	200
-385	95	200
-385	100	200
-385	100	200
-390	105	200
-390	110	200
-390	115	200
-390	120	200
-390	120	200
-395	125	200
-395	130	200
-395	135	200
-395	135	200
-400	140	200
-400	145	200
-400	150	200
-400	155	200
-400	155	200
-229.99	-200	300
-230	-199.99	300
-234.99	-195	300
-235	-194.99	300
-239.99	-190	300
-240	-189.99	300
-244.99	-185	300
-245	-185	300
-250	-180	300
-250	-180	300
-255	-175	300
-255	-175	300
-260	-170	300
-260	-170	300
-265	-165	300
-265	-165	300
-270	-165	300
-275	-160	300
-275	-160	300
-280	-155	300
-280	-155	300
-285	-150	300
-285	-150	300
-290	-145	300
-290	-145	300
-295	-140	300
-295	-140	300
-300	-135	300
-300	-135	300
-305	-130	300
-305	-130	300
-310	-125	300
-310	-125	300
-315	-120	300
-315	-115	300
-315	-115	300
-320	-110	300
-320	-110	300
-325	-105	300
-325	-105	300
-330	-100	300
-330	-99.995	300
-335	-95	300
-335	-90	300
-335	-89.995	300
-340	-85	300
-340	-84.995	300
-345	-80	300
-345	-75	300
-345	-74.995	300
-350	-70	300
-350	-69.995	300
-355	-65	300
-355	-60	300
-355	-59.995	300
-360	-55	300
-360	-54.995	300
-365	-50	300
-365	-45	300
-365	-44.995	300
-370	-40	300
-370	-39.995	300
-375	-35	300
-375	-30	300
-375	-25	300
-375	-24.995	300
-380	-20	300
-380	-15	300
-380	-10	300
-380	-9.9953	300
-385	-5	300
-385	0	300
-385	5	300
-385	10	300
-385	10.005	300
-390	15	300
-390	20	300
-390	25	300
-390	25.005	300
-395	30	300
-395	35	300
-395	40	300
-395	45	300
-395	45.005	300
-400	50	300
-400	55	300
-400	60	300
-400	60.005	300
